
      Date    Reported     Reported   Dollar Value   Reported
(YYYYMMDD)     Shares       Trades     (Millions)    Warrants
   20000103    931,732,833    867,368    $41,819.5      130,400
   20000104  1,008,963,898    871,889    $44,279.6      130,800
   20000105  1,085,474,786    943,846    $49,263.3      102,600
   20000106  1,092,208,627    850,294    $47,230.7       94,400
   20000107  1,225,061,345    999,935    $55,410.7      158,400
   20000110  1,064,605,720    904,197    $50,397.7      242,400
   20000111  1,013,968,742    845,305    $44,617.1       76,100
   20000112    974,520,118    845,317    $42,671.1      104,700
   20000113  1,030,385,813    836,768    $44,674.6       85,400
   20000114  1,085,745,298    912,794    $48,774.7      176,000
   20000118  1,051,575,171    910,725    $46,588.5       98,000
   20000119  1,063,620,732    816,266    $46,874.2      120,200
   20000120  1,105,282,784    889,143    $50,356.8      107,500
   20000121  1,225,708,645    883,836    $54,187.5      138,600
   20000124  1,115,780,993    896,246    $48,949.9      109,400
   20000125  1,073,669,854    870,339    $46,758.4       74,200
   20000126  1,117,016,876    851,498    $48,226.4      303,200
   20000127  1,129,479,904    846,952    $48,691.0      110,200
   20000128  1,095,748,077    868,916    $48,436.0       91,700
   20000131    993,704,402    864,323    $43,086.7       98,000
   20000201    980,791,962    844,908    $43,147.7      212,400
   20000202  1,038,567,263    845,857    $45,164.6       58,400
   20000203  1,124,233,458    888,848    $49,147.0       62,000
   20000204  1,045,017,310    819,790    $45,357.7       94,900
   20000207    932,023,060    772,083    $39,612.1      164,600
   20000208  1,059,022,416    844,507    $46,176.1      139,800
   20000209  1,050,308,964    857,337    $45,474.7      203,800
   20000210  1,058,732,245    825,125    $42,517.7      131,300
   20000211  1,029,855,080    810,824    $41,145.4      133,600
   20000214    927,207,096    790,371    $36,762.9       97,400
   20000215  1,092,024,218    854,719    $44,615.9      153,500
   20000216  1,018,707,003    814,523    $42,807.1      120,900
   20000217  1,034,660,297    832,425    $43,972.6      156,900
   20000218  1,042,269,190    870,878    $44,385.1       65,200
   20000222    979,955,442    879,884    $41,559.2       99,000
   20000223    993,530,902    835,617    $41,749.5      212,400
   20000224  1,214,836,835    968,789    $51,890.1      163,200
   20000225  1,065,210,614    863,351    $44,856.6       80,600
   20000228  1,026,445,969    896,991    $43,980.7      102,400
   20000229  1,204,232,816    930,807    $50,925.4      112,600
   20000301  1,273,565,979    986,568    $56,133.0      535,700
   20000302  1,198,485,424    905,254    $50,832.1      155,700
   20000303  1,150,029,357    877,371    $50,590.3      288,100
   20000306  1,028,929,929    846,677    $45,419.2      130,500
   20000307  1,313,858,243    992,695    $57,172.0      241,000
   20000308  1,215,222,335    968,481    $51,480.6      191,100
   20000309  1,122,885,373    887,906    $48,258.6      113,300
   20000310  1,138,686,510    886,105    $49,846.5      193,900
   20000313  1,015,383,846    883,582    $43,859.7      159,200
   20000314  1,093,813,095    922,610    $47,465.1      184,800
   20000315  1,302,556,933    998,874    $55,886.8      209,000
   20000316  1,481,603,025  1,156,283    $66,460.2      257,600
   20000317  1,313,845,742  1,042,492    $61,385.6      251,200
   20000320    920,588,921    852,967    $42,173.0      101,700
   20000321  1,065,545,150    897,606    $49,170.0      168,000
   20000322  1,076,777,056    902,899    $50,206.5      110,600
   20000323  1,078,113,449    866,937    $50,179.0       58,900
   20000324  1,051,830,068    928,702    $50,739.9      101,800
   20000327    900,677,686    807,098    $42,045.6       80,900
   20000328    958,471,675    848,216    $43,347.6       73,600
   20000329  1,061,530,692    886,281    $49,412.8      137,600
   20000330  1,193,208,868    975,273    $56,148.0      148,200
   20000331  1,227,157,208    959,500    $54,316.2      127,700
   20000403  1,026,377,515    896,027    $47,785.7      200,200
   20000404  1,512,392,456  1,283,921    $74,458.4      145,800
   20000405  1,120,944,247    946,296    $52,080.8      102,300
   20000406  1,015,403,507    845,530    $45,386.7       84,500
   20000407    897,780,029    757,752    $40,042.9       91,100
   20000410    854,461,192    825,054    $40,053.2       95,500
   20000411    980,508,996    905,369    $47,141.0       66,200
   20000412  1,175,590,839    985,474    $55,127.9      158,600
   20000413  1,031,759,615    905,421    $49,416.3       57,100
   20000414  1,279,290,505  1,116,701    $57,896.6       82,100
   20000417  1,203,171,556  1,157,446    $54,560.1      115,200
   20000418  1,108,596,017    985,823    $50,584.1       64,500
   20000419  1,001,266,464  1,180,966    $46,535.7       38,300
   20000420    896,235,197    700,656    $39,918.4       29,900
   20000424    871,620,207    808,381    $39,980.1       71,100
   20000425  1,070,813,458    895,668    $48,233.9       83,200
   20000426    999,296,690    807,946    $46,140.5      100,900
   20000427  1,110,444,024    875,750    $49,333.3       71,200
   20000428    984,452,891    768,449    $43,241.5       79,600
   20000501    966,243,971    807,879    $43,627.9       50,400
   20000502  1,015,970,035    801,294    $43,794.5      100,000
   20000503    990,960,984    806,277    $43,181.8      101,300
   20000504    925,510,710    765,078    $39,338.6       48,000
   20000505    805,343,568    668,614    $35,952.9      111,500
   20000508    787,479,462    697,461    $34,476.1      112,200
   20000509    896,408,667    800,255    $38,664.2      216,900
   20000510  1,006,375,779    832,648    $45,320.5       62,400
   20000511    953,285,399    754,175    $40,590.9      305,300
   20000512    858,074,640    692,109    $37,088.2       89,700
   20000515    854,454,509    703,224    $37,185.7      121,600
   20000516    955,476,072    825,597    $42,951.6      105,600
   20000517    820,455,630    705,682    $36,514.3       32,500
   20000518    807,710,914    676,191    $35,419.5      116,600
   20000519    876,293,232    683,673    $39,236.9      168,400
   20000522    868,429,131    769,853    $39,430.0      567,000
   20000523    867,125,830    754,071    $36,923.8      215,800
   20000524  1,152,217,527    990,990    $49,838.8       96,300
   20000525    984,412,024    812,835    $42,707.7       49,400
   20000526    722,494,960    641,250    $29,266.7      168,500
   20000530    844,186,106    699,646    $35,871.2       45,000
   20000531    960,432,138    775,152    $40,373.5       63,600
   20000601    960,050,110    786,307    $42,228.3       89,900
   20000602  1,162,156,944    844,738    $52,425.4      126,300
   20000605    836,645,094    760,497    $37,334.1       78,000
   20000606    950,013,286    783,029    $41,330.3       80,100
   20000607    854,442,308    730,089    $37,208.7      142,600
   20000608    854,157,785    712,157    $37,543.3      123,000
   20000609    785,777,318    652,500    $33,227.6      112,400
   20000612    773,931,051    678,680    $33,064.2       58,200
   20000613    935,471,679    788,424    $39,944.6      155,000
   20000614    929,555,544    756,404    $40,218.9       84,100
   20000615  1,011,341,365    876,421    $43,776.1      130,400
   20000616  1,250,671,739    853,809    $54,201.0      102,400
   20000619    921,638,643    789,434    $39,845.1      113,500
   20000620  1,030,989,556    848,756    $44,593.0      491,200
   20000621  1,009,524,172    790,393    $41,352.0       74,500
   20000622  1,022,583,748    832,360    $42,238.7       60,000
   20000623    847,529,140    683,986    $34,158.7      108,200
   20000626    888,909,883    720,435    $36,829.1       65,100
   20000627  1,042,057,937    841,174    $42,555.8      178,400
   20000628  1,065,899,554    825,327    $42,383.5       66,500
   20000629  1,110,514,042    921,001    $45,867.7       74,400
   20000630  1,459,460,119    988,534    $56,363.2      175,300
   20000703    451,841,159    425,447    $18,172.4       34,400
   20000705  1,019,125,216    862,773    $43,395.7      109,900
   20000706    947,004,823    820,784    $39,399.7      217,200
   20000707    931,410,230    757,260    $38,568.3      242,500
   20000710    828,499,238    712,161    $34,850.6      133,700
   20000711    980,318,096    820,748    $40,802.5       86,600
   20000712  1,000,879,030    786,861    $41,708.7      185,200
   20000713  1,026,517,410    798,734    $44,192.9      192,300
   20000714    960,522,616    717,040    $40,849.7       59,400
   20000717    905,713,355    770,040    $39,452.3       85,300
   20000718    910,149,501    738,355    $38,175.9       94,100
   20000719    909,297,862    719,848    $37,418.5       92,000
   20000720  1,064,024,597    841,975    $45,958.1      593,900
   20000721    968,183,990    724,331    $41,847.4       77,600
   20000724    880,088,886    757,951    $38,140.0      212,100
   20000725    969,104,383    756,465    $40,282.9      229,400
   20000726  1,235,689,067    871,067    $50,310.3      184,300
   20000727  1,156,396,299    840,841    $46,361.5       95,000
   20000728    979,821,307    766,797    $40,503.0      174,000
   20000731    952,304,389    779,387    $38,699.7      121,100
   20000801    936,589,406    735,449    $37,502.5      142,000
   20000802    994,479,579    778,618    $40,230.8       58,100
   20000803  1,095,474,372    817,458    $44,321.7      113,100
   20000804    955,938,674    756,965    $39,846.1      140,900
   20000807    854,758,300    741,285    $35,626.0       89,500
   20000808    992,221,162    783,762    $40,063.0       68,700
   20000809  1,054,731,688    805,780    $45,174.0       90,100
   20000810    940,722,024    734,205    $38,716.8       71,200
   20000811    835,485,580    723,711    $34,370.2       60,000
   20000814    783,686,643    686,727    $32,890.8      144,500
   20000815    895,848,570    729,283    $37,477.6      110,800
   20000816    932,758,533    736,469    $39,512.0       79,100
   20000817    922,156,150    718,973    $39,954.2      190,300
   20000818    821,357,342    672,323    $35,493.7       80,800
   20000821    731,542,432    663,714    $30,331.5       72,000
   20000822    818,408,515    698,956    $34,142.8      180,000
   20000823    870,908,953    710,394    $35,757.8      128,500
   20000824    837,032,209    679,941    $35,565.8       76,100
   20000825    685,601,797    611,093    $28,500.3       51,000
   20000828    733,548,854    666,586    $31,372.4       72,400
   20000829    795,623,138    710,553    $33,066.9       50,900
   20000830    818,382,060    690,786    $35,134.8       58,100
   20000831  1,071,945,670    859,937    $44,132.5       80,000
   20000901    768,304,709    710,307    $33,000.3      132,500
   20000904              0          0         $0.0            0
   20000905    847,688,500    784,800    $35,853.2       91,800
   20000906    997,928,102    828,927    $43,833.3       72,800
   20000907    985,328,283    827,377    $41,956.2       71,200
   20000908    966,749,215    845,435    $40,892.6       79,500
   20000911    899,255,300    884,411    $39,971.8       98,400
   20000912    991,151,724    890,590    $43,910.5       47,500
   20000913  1,068,276,620    880,814    $47,184.0       84,500
   20000914  1,013,914,271    857,398    $43,523.9       64,100
   20000915  1,268,373,181    907,247    $54,313.1       77,000
   20000918    962,443,340    910,930    $41,597.3       58,000
   20000919  1,024,921,121    919,660    $42,449.2       44,500
   20000920  1,104,022,041    943,946    $45,348.3       41,400
   20000921  1,088,893,456    888,129    $44,285.8       68,400
   20000922  1,172,131,584    993,520    $49,323.0       63,600
   20000925    982,377,994    869,332    $41,109.3       40,000
   20000926  1,106,535,054    937,411    $45,500.0      100,700
   20000927  1,174,657,075    956,277    $47,558.3       59,700
   20000928  1,206,193,360    949,269    $49,695.7       30,400
   20000929  1,196,711,423    922,798    $48,738.6      473,000
   20001002  1,051,174,550    992,909    $43,333.2       73,000
   20001003  1,107,375,520    952,582    $45,337.3       54,300
   20001004  1,167,276,381  1,014,889    $47,348.9      136,500
   20001005  1,175,983,190    967,307    $47,121.6       77,100
   20001006  1,150,062,400    984,364    $45,936.8       46,900
   20001009    716,591,360    705,176    $28,761.3       23,800
   20001010  1,043,961,662    962,333    $42,320.8       64,000
   20001011  1,387,464,065  1,210,222    $54,900.6       57,900
   20001012  1,388,577,981  1,208,432    $55,148.0       72,700
   20001013  1,227,250,210  1,043,687    $47,853.1      211,000
   20001016  1,005,363,436    924,885    $40,344.3       29,000
   20001017  1,170,962,941    999,294    $45,489.5       52,800
   20001018  1,441,611,837  1,133,942    $56,752.1      103,200
   20001019  1,297,874,117  1,020,893    $51,959.1       81,200
   20001020  1,177,404,760    939,716    $47,282.2       55,800
   20001023  1,046,543,852    961,555    $43,944.1       35,800
   20001024  1,158,580,553  1,034,463    $47,118.7       69,400
   20001025  1,315,586,357  1,133,639    $53,931.3       57,000
   20001026  1,303,608,531  1,150,319    $52,755.4      262,800
   20001027  1,086,298,863    959,233    $43,631.8       46,700
   20001030  1,186,371,037  1,061,605    $47,781.2      156,600
   20001031  1,366,288,373  1,095,756    $53,761.8      182,900
   20001101  1,206,254,129  1,019,539    $49,710.8      186,200
   20001102  1,167,344,076    966,104    $47,364.2      424,900
   20001103    997,651,450    851,011    $40,672.1       50,800
   20001106    930,325,223    847,197    $37,998.1       61,000
   20001107    880,505,760    795,527    $35,552.4      267,400
   20001108    909,074,740    846,073    $37,979.5       90,500
   20001109  1,110,872,940  1,031,859    $45,212.9       48,200
   20001110    976,091,576    902,569    $38,189.5       64,400
   20001113  1,129,260,003  1,092,175    $44,864.9       60,500
   20001114  1,118,634,091    977,259    $43,796.0       43,200
   20001115  1,084,690,983    953,714    $42,626.7       89,700
   20001116    956,166,734    861,590    $36,010.8       45,700
   20001117  1,070,276,055    902,952    $42,120.4       91,700
   20001120    955,797,062    922,695    $37,311.1       40,100
   20001121  1,136,673,494    990,628    $44,324.9      118,600
   20001122    980,089,772    890,712    $37,816.0      763,000
   20001123              0          0         $0.0            0
   20001124    403,254,030    436,134    $15,343.5       19,500
   20001127    945,495,184    926,305    $36,670.4       45,800
   20001128  1,058,890,466    963,982    $40,237.4       51,700
   20001129  1,141,102,298  1,052,810    $43,980.4       60,600
   20001130  1,542,065,540  1,281,178    $58,428.4      233,600
   20001201  1,195,103,478  1,089,381    $45,599.3       31,000
   20001204  1,098,705,436  1,065,477    $41,661.1       77,500
   20001205  1,427,433,447  1,169,125    $55,479.6      216,200
   20001206  1,398,932,968  1,173,618    $55,660.3      328,800
   20001207  1,127,595,195    984,009    $41,037.7      260,900
   20001208  1,358,262,259  1,129,824    $51,141.8       43,800
   20001211  1,231,387,785  1,097,072    $47,160.5      110,900
   20001212  1,083,338,876    969,510    $41,030.8       89,000
   20001213  1,195,028,640  1,011,589    $45,755.0      100,100
   20001214  1,061,319,238  1,002,580    $41,679.7       58,200
   20001215  1,560,807,702  1,157,562    $61,925.1      311,400
   20001218  1,189,839,857  1,149,802    $45,930.5       76,700
   20001219  1,324,784,943  1,212,336    $51,430.1      147,000
   20001220  1,438,390,927  1,256,379    $52,357.3      250,300
   20001221  1,449,542,882  1,258,506    $51,811.2       60,400
   20001222  1,087,054,117    982,390    $39,204.5       41,800
   20001225              0          0         $0.0            0
   20001226    806,375,149    891,988    $28,742.1       86,700
   20001227  1,092,551,435  1,010,532    $39,979.5       63,500
   20001228  1,014,579,620  1,041,296    $35,904.9      183,800
   20001229  1,034,273,057  1,046,014    $35,780.3      249,800
   20010102  1,128,846,464  1,095,221    $44,089.5      109,700
   20010103  1,879,856,552  1,523,511    $74,180.3      400,400
   20010104  2,129,445,637  1,538,673    $85,708.7      374,500
   20010105  1,430,589,560  1,261,738    $56,901.8      107,000
   20010108  1,115,108,387  1,104,612    $43,233.4      119,300
   20010109  1,227,800,115  1,083,684    $46,563.2       95,700
   20010110  1,296,261,462  1,171,964    $49,441.2      141,900
   20010111  1,410,719,056  1,159,578    $54,631.7       42,200
   20010112  1,274,783,803  1,133,331    $48,794.3       72,600
   20010116  1,204,299,104  1,123,191    $45,325.7       76,500
   20010117  1,347,531,554  1,143,321    $52,250.4       89,000
   20010118  1,443,720,906  1,215,126    $57,587.9       75,000
   20010119  1,406,439,549  1,142,182    $55,696.9       98,200
   20010122  1,162,408,505  1,070,857    $45,915.7      104,600
   20010123  1,230,487,869  1,067,985    $48,518.1      103,000
   20010124  1,306,975,722  1,079,112    $52,485.2      129,700
   20010125  1,256,502,590  1,058,699    $50,407.9      216,600
   20010126  1,097,788,855    988,971    $43,264.1       27,300
   20010129  1,050,838,540    997,563    $40,506.6       28,300
   20010130  1,149,667,969  1,055,142    $44,934.9       18,400
   20010131  1,293,933,358  1,162,683    $52,581.9       92,400
   20010201  1,117,628,914  1,017,479    $44,493.2      115,400
   20010202  1,047,180,791  1,029,208    $41,518.3       51,500
   20010205  1,009,867,813  1,001,444    $39,802.1       71,800
   20010206  1,054,925,571  1,032,505    $41,637.7       93,700
   20010207  1,157,800,747  1,057,078    $45,879.5       86,000
   20010208  1,106,442,291  1,039,212    $43,080.0       32,500
   20010209  1,074,752,262  1,036,235    $41,174.8      122,300
   20010212  1,038,318,202  1,131,434    $40,776.3       79,300
   20010213  1,075,060,639  1,125,792    $42,652.4       63,700
   20010214  1,150,270,066  1,070,017    $44,462.9       39,100
   20010215  1,153,661,775  1,113,722    $45,361.0       59,900
   20010216  1,257,211,668  1,134,955    $47,069.3       61,100
   20010220  1,112,173,551  1,125,787    $42,711.6       88,000
   20010221  1,208,538,628  1,235,565    $46,410.3       24,800
   20010222  1,365,832,608  1,393,616    $51,485.6      157,100
   20010223  1,231,308,590  1,325,736    $44,590.0       43,100
   20010226  1,130,802,545  1,252,617    $42,246.0       39,900
   20010227  1,114,088,618  1,162,669    $42,169.2       79,100
   20010228  1,225,192,975  1,263,918    $45,591.2      139,900
   20010301  1,294,874,125  1,347,884    $47,741.1       80,400
   20010302  1,293,887,968  1,305,884    $47,411.1      188,800
   20010305    929,078,845  1,047,385    $34,336.5      139,900
   20010306  1,096,396,661  1,138,516    $40,469.8       86,100
   20010307  1,132,076,113  1,187,692    $43,197.5      165,600
   20010308  1,122,312,629  1,135,769    $42,485.4       82,900
   20010309  1,085,914,865  1,184,974    $40,180.0       71,000
   20010312  1,228,897,860  1,372,708    $45,029.0      138,400
   20010313  1,360,882,137  1,484,321    $49,512.8       55,000
   20010314  1,397,366,866  1,486,159    $50,733.4       69,700
   20010315  1,259,505,033  1,323,967    $45,054.1       46,100
   20010316  1,570,845,344  1,409,563    $57,373.9       98,400
   20010319  1,126,185,173  1,307,423    $39,928.4       34,100
   20010320  1,235,892,495  1,338,277    $44,549.3       82,800
   20010321  1,336,498,662  1,392,936    $48,065.1      197,300
   20010322  1,743,559,171  1,784,766    $60,752.2      195,300
   20010323  1,364,888,410  1,490,723    $48,737.0       69,800
   20010326  1,135,384,074  1,302,557    $40,784.0       36,200
   20010327  1,353,643,709  1,439,968    $50,609.5       53,800
   20010328  1,312,302,953  1,313,290    $43,334.7       42,600
   20010329  1,258,604,337  1,375,467    $43,403.0       37,700
   20010330  1,331,179,579  1,391,027    $45,779.5       72,600
   20010402  1,254,875,645  1,461,775    $43,707.8       41,600
   20010403  1,385,894,544  1,515,729    $45,098.1      244,500
   20010404  1,513,038,423  1,543,787    $50,500.2       63,800
   20010405  1,367,952,113  1,408,609    $47,055.3       98,900
   20010406  1,266,811,332  1,500,776    $43,747.7       75,000
   20010409  1,062,747,123  1,269,779    $36,897.0      107,300
   20010410  1,349,567,754  1,420,862    $47,618.1       78,800
   20010411  1,290,377,832  1,475,817    $45,912.7       26,400
   20010412  1,102,057,711  1,284,440    $38,568.4       34,300
   20010413              0          0         $0.0            0
   20010416    913,932,303  1,152,573    $32,380.4       42,100
   20010417  1,118,093,335  1,306,950    $39,584.6       86,300
   20010418  1,918,683,137  1,823,509    $70,724.2      258,900
   20010419  1,486,678,907  1,509,301    $54,521.9      132,400
   20010420  1,338,726,083  1,367,380    $48,708.6       68,700
   20010423  1,029,386,814  1,241,902    $37,183.0       69,200
   20010424  1,215,410,208  1,320,904    $42,445.3       65,300
   20010425  1,204,136,450  1,316,356    $42,947.4       65,600
   20010426  1,344,529,768  1,343,867    $49,723.2      110,800
   20010427  1,099,667,848  1,188,952    $39,976.8       60,000
   20010430  1,266,591,046  1,398,235    $45,620.9       41,300
   20010501  1,180,905,016  1,288,854    $43,328.8       30,200
   20010502  1,341,794,584  1,454,042    $49,637.3       11,800
   20010503  1,137,349,323  1,323,494    $42,019.0       18,000
   20010504  1,076,594,145  1,294,499    $40,501.6       36,200
   20010507    948,450,729  1,185,587    $35,296.0       39,500
   20010508  1,004,417,460  1,238,608    $36,978.2       33,600
   20010509  1,128,290,153  1,248,731    $41,804.6       48,600
   20010510  1,055,864,302  1,206,311    $38,772.5      146,300
   20010511    905,763,599  1,070,149    $33,685.9       18,800
   20010514    857,936,014  1,103,761    $31,838.4       25,400
   20010515  1,071,527,003  1,225,125    $39,245.4      116,800
   20010516  1,404,795,150  1,603,969    $52,382.7       61,100
   20010517  1,355,255,815  1,512,491    $51,937.7      150,300
   20010518  1,127,302,499  1,271,412    $43,091.1       25,500
   20010521  1,211,186,607  1,318,295    $45,757.9       51,400
   20010522  1,259,662,750  1,415,926    $46,858.3       43,400
   20010523  1,153,575,846  1,368,216    $43,746.9       30,000
   20010524  1,108,629,099  1,308,357    $41,660.9       24,500
   20010525    828,058,631  1,224,213    $30,387.0       42,000
   20010528              0          0         $0.0            0
   20010529  1,026,004,192  1,199,965    $37,158.1       77,200
   20010530  1,158,533,256  1,304,569    $41,118.6       28,900
   20010531  1,226,560,091  1,348,560    $44,055.1       25,600
   20010601  1,014,822,917  1,216,729    $36,950.9       12,500
   20010604    852,992,898  1,063,780    $31,282.7       16,100
   20010605  1,116,294,878  1,296,749    $40,611.4      379,400
   20010606  1,061,739,672  1,233,216    $39,508.2       20,200
   20010607  1,089,564,580  1,222,234    $39,725.5        9,600
   20010608    726,085,466    843,869    $25,650.4       10,500
   20010611    870,165,272  1,093,325    $31,468.2        4,700
   20010612  1,140,194,615  1,286,166    $39,577.5        9,100
   20010613  1,063,613,347  1,214,252    $37,750.3        9,000
   20010614  1,242,814,546  1,250,147    $43,377.9       51,500
   20010615  1,635,493,932  1,429,173    $59,278.4       35,000
   20010618  1,111,595,265  1,291,412    $36,693.7       55,800
   20010619  1,184,760,939  1,292,605    $40,342.9       35,400
   20010620  1,350,121,940  1,471,907    $46,274.8       55,300
   20010621  1,546,611,788  1,514,217    $56,783.8      203,700
   20010622  1,189,151,899  1,336,349    $41,932.7       65,600
   20010625  1,049,920,761  1,281,170    $36,388.0      197,000
   20010626  1,198,865,718  1,531,101    $41,865.3       30,800
   20010627  1,162,116,786  1,266,534    $41,158.1       13,000
   20010628  1,327,367,857  1,460,539    $46,989.3       11,700
   20010629  1,739,917,777  1,519,677    $59,292.9        6,600
   20010702  1,128,261,865  1,461,628    $39,909.1       37,700
   20010703    622,239,320    800,959    $21,573.8       33,600
   20010704
   20010705    934,876,305  1,233,444    $32,517.9      107,100
   20010706  1,056,687,798  1,250,091    $35,847.0       33,400
   20010709  1,045,742,522  1,292,082    $35,604.7       19,400
   20010710  1,263,789,172  1,395,919    $42,641.8       28,800
   20010711  1,384,156,623  1,578,340    $48,290.3        9,400
   20010712  1,394,072,157  1,510,295    $47,667.7       23,300
   20010713  1,121,687,923  1,261,969    $38,350.9       39,400
   20010716  1,039,808,215  1,355,810    $36,290.9       21,700
   20010717  1,238,128,234  1,424,204    $43,208.4       23,100
   20010718  1,316,320,584  1,438,071    $46,786.7       17,100
   20010719  1,350,527,660  1,464,723    $46,478.6      101,700
   20010720  1,170,972,430  1,182,039    $39,318.9       14,800
   20010723    986,897,878  1,214,469    $33,141.1       10,200
   20010724  1,200,049,831  1,432,610    $40,264.9       18,300
   20010725  1,280,775,539  1,429,235    $43,130.4       23,100
   20010726  1,217,536,655  1,379,494    $41,155.6       89,000
   20010727  1,024,250,335  1,157,066    $34,212.0      160,900
   20010730    909,184,290  1,253,878    $31,150.4        9,500
   20010731  1,192,325,242  1,315,158    $41,628.0       32,300
   20010801  1,340,287,731  1,361,302    $43,725.4       26,000
   20010802  1,227,450,769  1,264,746    $39,495.5       23,300
   20010803    939,929,682  1,105,781    $30,360.5        8,400
   20010806    828,010,677  1,088,185    $28,033.0        6,000
   20010807  1,019,789,024  1,163,088    $33,839.2        6,500
   20010808  1,124,596,809  1,239,341    $36,995.7        7,500
   20010809  1,115,378,517  1,263,900    $35,766.9        4,600
   20010810    962,385,681  1,191,817    $31,063.1        6,400
   20010813    846,161,827  1,084,482    $28,264.8        8,700
   20010814    964,638,030  1,148,545    $32,557.4        6,300
   20010815  1,073,549,627  1,267,818    $36,540.3       83,800
   20010816  1,065,814,592  1,305,061    $35,379.2       35,100
   20010817    981,878,423  1,131,549    $32,454.1       18,900
   20010820    910,846,037  1,140,226    $30,899.4       10,100
   20010821  1,053,003,089  1,251,232    $36,384.1       10,400
   20010822  1,123,762,530  1,374,093    $38,005.5       57,100
   20010823    998,474,885  1,161,912    $32,673.6       22,000
   20010824  1,066,731,412  1,296,551    $35,543.7        8,000
   20010827    854,688,974  1,181,401    $28,664.0        9,500
   20010828    998,869,109  1,199,945    $32,848.3       11,400
   20010829    974,972,731  1,207,719    $32,255.9       38,300
   20010830  1,170,237,219  1,399,292    $39,022.3       39,300
   20010831    949,276,771  1,216,156    $31,936.0        6,000
   20010903              0          0         $0.0            0
   20010904  1,191,688,666  1,651,745    $39,705.4       24,100
   20010905  1,399,825,866  1,710,282    $44,943.6       27,300
   20010906  1,375,349,661  1,638,863    $44,016.2       56,400
   20010907  1,441,486,051  1,701,754    $44,223.7       26,300
   20010910  1,274,909,598  1,681,934    $41,308.8       22,400
   20010911              0          0         $0.0            0
   20010912              0          0         $0.0            0
   20010913              0          0         $0.0            0
   20010914              0          0         $0.0            0
   20010917  2,367,954,572  1,918,262    $73,566.2       77,900
   20010918  1,688,861,619  1,587,027    $51,957.8       42,900
   20010919  2,149,946,029  2,021,330    $63,196.9       90,300
   20010920  2,003,652,875  1,928,652    $58,150.2       76,600
   20010921  2,316,878,685  2,638,319    $66,997.1      201,300
   20010924  1,746,424,222  1,827,909    $50,927.7       38,800
   20010925  1,633,469,047  1,774,772    $49,285.8       13,200
   20010926  1,555,410,283  1,519,654    $44,904.0      212,000
   20010927  1,483,729,425  1,565,880    $43,580.2       52,400
   20010928  1,787,127,188  1,776,446    $51,573.6       25,700
   20011001  1,206,849,946  1,541,135    $37,693.5       27,600
   20011002  1,289,810,668  1,469,614    $38,540.1       65,400
   20011003  1,692,118,415  1,753,736    $50,729.3       35,800
   20011004  1,609,146,912  1,753,128    $47,495.7       26,200
   20011005  1,328,846,782  1,553,252    $39,039.9       29,800
   20011008    985,793,621  1,291,843    $30,330.8       21,000
   20011009  1,227,862,471  1,326,694    $34,220.8       11,400
   20011010  1,312,396,072  1,551,828    $39,992.5       65,500
   20011011  1,704,524,309  1,702,631    $52,251.8       53,600
   20011012  1,347,047,167  1,584,998    $41,551.0       46,700
   20011015  1,038,088,213  1,330,547    $32,589.8       19,900
   20011016  1,219,919,579  1,439,617    $37,840.6       75,500
   20011017  1,470,170,349  1,726,429    $46,646.6       30,800
   20011018  1,272,525,762  1,518,615    $40,315.1       16,400
   20011019  1,294,915,844  1,493,689    $39,393.4       12,300
   20011022  1,116,351,603  1,477,228    $35,161.0       12,200
   20011023  1,334,233,135  1,573,455    $41,818.6      138,100
   20011024  1,347,400,966  1,549,241    $41,719.9       59,900
   20011025  1,377,866,052  1,644,322    $41,841.6      211,300
   20011026  1,257,079,237  1,466,619    $38,861.8       50,600
   20011029  1,117,318,121  1,467,966    $34,526.3       11,200
   20011030  1,311,104,034  1,554,966    $39,025.0       25,700
   20011031  1,367,151,610  1,591,489    $40,307.1       48,500
   20011101  1,330,533,769  1,683,800    $40,916.9       65,800
   20011102  1,130,983,251  1,449,387    $34,235.6       89,000
   20011105  1,275,786,837  1,468,538    $39,774.7      108,900
   20011106  1,368,291,909  1,540,590    $41,124.4      180,100
   20011107  1,438,516,838  1,642,666    $41,490.3      264,000
   20011108  1,530,271,541  1,701,117    $45,764.0      104,100
   20011109  1,105,870,767  1,356,350    $33,010.8       33,700
   20011112  1,005,631,942  1,325,392    $30,361.6        4,300
   20011113  1,370,093,846  1,549,871    $40,715.9       78,300
   20011114  1,455,969,672  1,644,944    $44,663.8       89,600
   20011115  1,466,443,650  1,709,248    $47,023.4      167,600
   20011116  1,367,271,185  1,561,734    $42,580.4        9,000
   20011119  1,327,670,414  1,627,234    $40,018.7       40,700
   20011120  1,342,232,338  1,556,124    $39,709.5       36,900
   20011121  1,038,708,410  1,253,741    $30,092.8       22,900
   20011122
   20011123    413,825,260    600,925    $12,324.7      355,200
   20011126  1,138,182,550  1,450,640    $35,340.5      172,000
   20011127  1,305,060,168  1,621,334    $40,027.6       29,500
   20011128  1,423,626,207  1,571,222    $39,584.9      153,000
   20011129  1,386,736,255  1,545,070    $37,830.4      128,700
   20011130  1,450,117,260  1,561,147    $42,513.9       25,100
   20011203  1,213,093,909  1,602,070    $35,977.1       31,800
   20011204  1,318,518,049  1,633,113    $37,734.7       76,100
   20011205  1,780,360,926  1,856,901    $53,993.8      115,800
   20011206  1,498,614,677  1,747,991    $46,724.1       97,400
   20011207  1,269,608,790  1,566,965    $39,007.7      112,600
   20011210  1,227,438,039  1,477,290    $37,204.2       76,000
   20011211  1,379,042,778  1,590,549    $42,768.9       33,200
   20011212  1,463,364,690  1,706,618    $45,333.4       53,500
   20011213  1,524,785,560  1,667,210    $45,513.7       62,900
   20011214  1,362,378,214  1,603,013    $41,869.9       51,800
   20011217  1,270,161,421  1,650,975    $38,959.3      109,200
   20011218  1,353,981,506  1,701,072    $41,130.9       72,000
   20011219  1,494,357,365  1,806,361    $45,493.2       51,700
   20011220  1,490,536,139  1,703,824    $44,173.4       37,900
   20011221  1,804,156,877  1,731,307    $56,801.4       45,400
   20011224    442,047,030    631,603    $12,883.4       15,100
   20011225              0          0         $0.0            0
   20011226    807,004,792  1,201,079    $24,725.2       84,600
   20011227    882,779,222  1,247,413    $26,800.3       46,300
   20011228    917,359,791  1,243,151    $27,995.9       50,200
   20011231  1,006,514,357  1,364,533    $30,336.2       34,900
   20020102  1,195,244,597  1,676,619    $38,537.4        2,000
   20020103  1,413,956,795  1,719,610    $44,441.8        3,700
   20020104  1,521,162,543  1,763,334    $47,418.6       40,900
   20020107  1,317,008,643  1,707,469    $41,180.6        6,100
   20020108  1,269,907,482  1,609,681    $40,157.8        3,500
   20020109  1,466,473,333  1,711,507    $45,389.5       13,700
   20020110  1,308,532,458  1,591,759    $40,132.0          600
   20020111  1,222,901,081  1,516,448    $38,100.3        3,500
   20020114  1,300,745,521  1,614,074    $40,897.0      354,200
   20020115  1,398,347,399  1,672,135    $44,329.5       10,100
   20020116  1,482,503,964  1,599,638    $42,926.1       14,900
   20020117  1,392,024,647  1,592,810    $42,490.7        6,100
   20020118  1,338,508,615  1,471,021    $42,378.8       27,800
   20020121              0          0         $0.0            0
   20020122  1,322,970,555  1,619,670    $38,981.2       20,000
   20020123  1,491,541,919  1,661,432    $45,447.9      117,600
   20020124  1,562,465,119  1,606,333    $49,354.8       21,200
   20020125  1,345,010,898  1,508,581    $42,752.7      127,600
   20020128  1,194,311,564  1,461,095    $37,719.1       68,100
   20020129  1,812,024,863  1,878,767    $57,929.4        8,800
   20020130  2,019,381,822  2,097,788    $63,554.1      299,600
   20020131  1,568,201,303  1,771,400    $49,907.5      288,200
   20020201  1,386,694,249  1,652,813    $43,217.9       63,200
   20020204  1,458,883,565  1,793,431    $42,902.4      204,200
   20020205  1,794,499,195  1,977,003    $50,554.5      115,200
   20020206  1,678,818,062  1,948,040    $47,915.3      108,500
   20020207  1,452,839,258  1,825,860    $43,586.9       44,800
   20020208  1,383,302,278  1,690,312    $41,590.9       69,000
   20020211  1,166,983,868  1,575,530    $35,885.0       73,700
   20020212  1,136,559,071  1,505,762    $35,068.8       21,700
   20020213  1,223,444,106  1,561,050    $37,475.2       19,900
   20020214  1,272,196,410  1,498,068    $37,873.0       51,500
   20020215  1,368,076,254  1,605,366    $39,908.8       51,800
   20020218              0          0         $0.0            0
   20020219  1,197,721,103  1,646,146    $36,444.9       56,700
   20020220  1,454,203,138  1,808,263    $43,636.5       45,100
   20020221  1,381,577,672  1,754,166    $43,605.5       28,500
   20020222  1,410,860,515  1,852,410    $43,466.2       26,800
   20020225  1,366,972,501  1,814,084    $42,709.1       43,000
   20020226  1,323,397,865  1,763,811    $42,844.7       20,300
   20020227  1,407,321,506  1,811,141    $46,059.0       32,900
   20020228  1,390,453,648  1,782,176    $45,216.7       29,700
   20020301  1,456,231,314  1,787,636    $45,889.9       37,400
   20020304  1,612,667,555  2,101,835    $53,270.2      103,500
   20020305  1,561,473,688  1,975,943    $51,430.2      144,400
   20020306  1,551,541,677  1,959,815    $48,752.3       85,900
   20020307  1,526,887,657  1,992,296    $49,948.2       43,500
   20020308  1,421,326,673  1,860,358    $46,729.4       64,100
   20020311  1,209,690,671  1,728,373    $39,157.6       57,300
   20020312  1,338,088,582  1,707,803    $42,039.9       30,300
   20020313  1,406,966,163  1,689,558    $42,319.3      129,800
   20020314  1,208,846,635  1,553,823    $36,370.4       11,900
   20020315  1,493,946,528  1,689,704    $52,309.0       11,100
   20020318  1,177,929,323  1,731,340    $38,878.4      190,700
   20020319  1,254,902,258  1,726,568    $39,787.3      116,200
   20020320  1,304,748,768  1,646,480    $40,881.0      203,000
   20020321  1,339,147,634  1,773,920    $42,670.5      109,400
   20020322  1,251,657,500  1,675,424    $38,375.4      106,600
   20020325  1,068,403,886  1,595,207    $34,147.5      119,000
   20020326  1,223,612,340  1,688,267    $39,574.9       61,700
   20020327  1,180,093,858  1,613,296    $38,265.5       52,600
   20020328  1,154,702,575  1,516,178    $36,334.4       77,200
   20020401  1,050,820,265  1,566,792    $33,298.5       75,000
   20020402  1,185,862,777  1,741,074    $38,227.4       82,500
   20020403  1,229,788,623  1,698,553    $40,794.2       22,500
   20020404  1,294,713,882  1,756,732    $42,627.0       39,000
   20020405  1,117,948,984  1,584,235    $36,632.8       98,700
   20020408  1,104,694,142  1,672,924    $37,476.4       26,700
   20020409  1,245,845,778  1,742,337    $40,776.9       19,200
   20020410  1,458,428,157  1,944,125    $46,082.3      109,300
   20020411  1,515,089,032  2,024,056    $48,830.9       86,400
   20020412  1,282,092,853  1,845,483    $40,878.0       36,200
   20020415  1,128,098,425  1,750,294    $36,552.2       30,800
   20020416  1,351,830,237  1,835,078    $43,075.4       43,800
   20020417  1,386,547,497  1,793,915    $45,554.5       38,400
   20020418  1,371,873,436  1,928,174    $45,724.3       27,500
   20020419  1,193,929,357  1,562,090    $39,506.2       20,700
   20020422  1,181,815,999  1,764,310    $38,683.7       26,200
   20020423  1,397,479,054  1,849,425    $46,495.6      138,500
   20020424  1,382,832,652  1,866,383    $44,645.9      171,800
   20020425  1,529,178,710  2,027,773    $49,119.4       48,400
   20020426  1,384,576,271  1,760,187    $43,559.3       97,800
   20020429  1,325,473,593  1,858,432    $41,736.7       57,400
   20020430  1,641,899,363  2,047,447    $51,789.8       46,100
   20020501  1,463,199,367  1,999,908    $46,574.3       25,600
   20020502  1,374,673,528  1,958,086    $43,473.0       62,400
   20020503  1,296,722,156  1,906,352    $40,561.7       19,600
   20020506  1,130,736,432  1,823,023    $36,126.0       75,500
   20020507  1,365,987,400  2,043,932    $42,909.5       57,400
   20020508  1,541,981,757  2,218,450    $48,029.8       85,500
   20020509  1,163,440,343  1,906,815    $37,196.1       37,300
   20020510  1,183,657,866  1,887,817    $36,222.5       23,200
   20020513  1,099,264,580  1,861,669    $34,227.4       27,400
   20020514  1,426,388,531  1,987,308    $45,615.0       41,400
   20020515  1,436,047,670  2,078,645    $45,815.8       44,700
   20020516  1,265,428,844  1,851,611    $40,215.4       44,100
   20020517  1,284,343,417  1,711,995    $40,183.6      139,800
   20020520    995,892,120  1,628,105    $31,254.7       21,600
   20020521  1,211,333,080  1,810,708    $37,920.1       17,100
   20020522  1,155,012,081  1,774,331    $35,965.5       11,200
   20020523  1,202,625,188  1,853,278    $38,164.9       43,000
   20020524    892,089,813  1,553,612    $27,973.5       34,800
   20020528    996,502,162  1,760,068    $31,652.1       46,000
   20020529  1,081,819,474  1,722,151    $33,961.8       17,500
   20020530  1,296,731,568  1,971,008    $40,889.3       46,400
   20020531  1,288,180,252  1,850,672    $40,229.4       49,400
   20020603  1,324,291,883  2,071,210    $38,359.2       58,900
   20020604  1,502,727,692  2,262,233    $44,757.6       55,600
   20020605  1,300,031,800  1,951,593    $37,931.3       56,600
   20020606  1,614,577,376  2,020,055    $40,221.7       57,000
   20020607  1,808,603,069  2,138,368    $43,969.6       25,200
   20020610  1,234,615,024  1,893,438    $33,826.3       82,300
   20020611  1,420,965,813  2,046,637    $39,995.2       11,900
   20020612  1,806,855,801  2,425,826    $52,245.0       57,500
   20020613  1,414,508,494  2,039,610    $39,046.1       43,800
   20020614  1,560,569,373  2,215,010    $43,881.4       17,000
   20020617  1,245,437,287  2,100,533    $37,761.3       27,400
   20020618  1,202,804,063  1,919,327    $36,243.2       36,300
   20020619  1,335,476,513  2,070,897    $40,179.5       41,500
   20020620  1,399,908,955  2,289,016    $41,075.3       43,400
   20020621  1,929,097,214  2,286,701    $57,015.7       12,300
   20020624  1,579,184,665  2,738,740    $46,404.2       20,000
   20020625  1,513,661,622  2,575,082    $45,067.3       50,100
   20020626  2,011,035,040  2,896,618    $53,296.7       26,700
   20020627  1,911,492,546  2,708,273    $51,701.2       19,900
   20020628  2,623,757,952  2,596,308    $72,096.9       80,600
   20020701  1,425,530,420  2,491,286    $41,357.4       29,300
   20020702  1,833,507,632  2,724,022    $50,021.0       32,100
   20020703  1,538,268,100  2,425,240    $41,204.5       46,000
   20020705    708,708,800  1,114,735    $20,180.1       11,500
   20020708  1,184,461,196  2,222,304    $34,655.5       24,500
   20020709  1,359,138,100  2,330,604    $40,163.1       45,800
   20020710  1,816,894,276  2,803,079    $52,902.1       58,100
   20020711  2,137,653,006  3,128,672    $60,319.4       44,000
   20020712  1,607,371,538  2,542,594    $44,910.1       40,500
   20020715  1,974,787,930  3,058,384    $56,772.1       65,300
   20020716  1,862,968,505  2,893,957    $52,766.2       41,800
   20020717  1,984,659,058  2,938,217    $55,840.4       48,400
   20020718  1,745,142,879  2,665,571    $49,529.4       15,500
   20020719  2,673,241,711  2,844,460    $74,291.5       48,300
   20020722  2,268,401,558  3,569,138    $61,751.2       51,300
   20020723  2,442,420,675  3,470,364    $59,929.7       54,700
   20020724  2,812,918,977  3,761,687    $69,849.2       67,500
   20020725  2,578,284,259  3,340,923    $64,342.4       32,600
   20020726  1,804,978,577  2,696,920    $41,961.1       10,500
   20020729  1,804,081,365  2,764,174    $47,487.9       69,900
   20020730  1,874,457,586  2,992,051    $49,165.0       53,700
   20020731  2,060,714,080  2,793,572    $51,219.2       47,500
   20020801  1,690,144,875  2,539,182    $42,808.4      166,600
   20020802  1,545,661,281  2,468,302    $39,387.1       60,400
   20020805  1,433,048,356  2,511,701    $37,008.4       46,300
   20020806  1,523,911,348  2,556,419    $40,176.3       41,000
   20020807  1,504,492,905  2,453,965    $37,918.4       29,200
   20020808  1,660,191,419  2,544,883    $43,178.7       20,700
   20020809  1,305,728,085  2,286,592    $35,691.0      150,100
   20020812  1,043,939,010  2,011,658    $27,904.3        8,000
   20020813  1,310,351,142  2,277,521    $35,736.9       20,100
   20020814  1,551,097,684  2,614,334    $42,814.8       42,700
   20020815  1,518,875,152  2,515,882    $41,842.6       12,100
   20020816  1,276,119,138  2,176,142    $34,548.0        8,300
   20020819  1,299,789,593  2,206,797    $35,378.8       14,000
   20020820  1,320,587,400  2,185,325    $33,879.1       31,600
   20020821  1,367,175,595  2,207,866    $35,776.4       41,000
   20020822  1,386,142,070  2,195,462    $35,351.1       58,400
   20020823  1,082,470,164  1,853,435    $28,544.0       20,300
   20020826  1,016,910,882  1,860,542    $27,388.6       20,700
   20020827  1,307,742,178  2,180,003    $35,752.3       17,500
   20020828  1,156,550,348  1,990,969    $29,714.8       16,200
   20020829  1,271,119,227  2,102,994    $33,790.1       14,700
   20020830    938,489,411  1,758,051    $26,055.0       31,900
   20020903  1,333,431,968  2,454,968    $36,817.9       40,200
   20020904  1,381,491,288  2,446,424    $35,747.9       20,600
   20020905  1,401,296,745  2,434,844    $36,186.7       14,300
   20020906  1,199,093,500  2,113,524    $32,328.4       21,500
   20020909  1,140,361,558  2,147,186    $30,843.6       21,900
   20020910  1,195,216,449  2,153,505    $31,704.3       25,500
   20020911    856,002,550  1,458,273    $23,732.5       17,800
   20020912  1,202,057,335  2,095,573    $32,732.8       10,700
   20020913  1,283,970,891  2,123,952    $32,366.6       78,000
   20020916  1,009,540,978  1,830,525    $26,451.6        5,800
   20020917  1,460,355,742  2,354,418    $38,045.0       89,200
   20020918  1,515,095,245  2,456,433    $38,863.2      141,100
   20020919  1,538,541,165  2,448,434    $39,013.3       42,700
   20020920  1,806,411,652  2,520,059    $47,050.8       42,100
   20020923  1,393,506,150  2,418,228    $34,968.7       38,700
   20020924  1,716,829,427  2,696,747    $41,897.6       54,300
   20020925  1,701,940,378  2,729,916    $42,359.9       32,400
   20020926  1,664,136,379  2,544,197    $41,851.4      156,600
   20020927  1,520,081,744  2,400,992    $37,362.9       12,700
   20020930  1,860,886,721  3,023,549    $45,975.6       16,600
   20021001  1,780,868,552  2,965,563    $45,192.4       20,700
   20021002  1,718,717,324  2,857,978    $44,082.8       15,100
   20021003  1,688,537,692  2,838,770    $43,496.9       14,000
   20021004  1,835,887,687  2,926,203    $45,014.5       39,800
   20021007  1,592,398,547  2,850,951    $39,494.7       27,000
   20021008  1,956,179,691  3,379,922    $48,047.3       21,700
   20021009  1,855,014,188  3,145,932    $44,325.6       16,500
   20021010  2,090,211,466  3,208,619    $49,895.5       11,800
   20021011  1,854,073,024  2,798,672    $45,863.2       61,200
   20021014  1,200,265,818  2,358,156    $31,154.4       38,900
   20021015  1,905,241,369  2,988,706    $51,500.0      146,900
   20021016  1,607,001,040  2,649,949    $41,849.3       19,200
   20021017  1,837,073,701  2,644,106    $49,789.2       19,000
   20021018  1,438,109,572  2,342,434    $38,214.3       14,000
   20021021  1,462,458,755  2,536,061    $39,256.7       21,200
   20021022  1,549,208,305  2,543,284    $40,982.5       12,200
   20021023  1,612,642,977  2,663,650    $42,863.6       66,500
   20021024  1,700,544,410  2,689,968    $42,462.2       38,700
   20021025  1,354,437,785  2,463,110    $36,421.7        7,200
   20021028  1,399,046,430  2,457,032    $36,945.1       12,700
   20021029  1,545,842,818  2,648,836    $40,701.4       17,200
   20021030  1,435,820,470  2,661,463    $37,680.1       39,300
   20021031  1,641,332,429  2,674,464    $43,039.9       38,700
   20021101  1,463,927,452  2,617,465    $37,670.0       36,500
   20021104  1,664,696,155  2,681,908    $42,938.2        9,700
   20021105  1,352,221,101  2,481,038    $35,856.9       13,400
   20021106  1,669,939,024  2,812,262    $44,496.3        7,800
   20021107  1,482,302,383  2,482,514    $38,642.7       20,500
   20021108  1,457,896,552  2,426,230    $37,767.6       17,900
   20021111  1,130,884,486  2,042,389    $29,207.8        6,100
   20021112  1,374,519,864  2,364,316    $35,738.0       14,200
   20021113  1,459,558,475  2,562,627    $38,796.4       38,300
   20021114  1,516,235,289  2,393,388    $39,011.2       75,100
   20021115  1,437,508,900  2,419,163    $38,078.8       15,700
   20021118  1,290,308,899  2,372,883    $33,787.1       15,400
   20021119  1,346,106,513  2,309,022    $35,465.8       12,900
   20021120  1,538,285,000  2,433,303    $39,550.7       30,600
   20021121  2,137,394,289  2,848,338    $54,991.4       14,500
   20021122  1,637,622,568  2,518,248    $42,861.8       38,500
   20021125  1,586,572,075  2,540,660    $40,754.1       13,700
   20021126  1,542,328,922  2,529,567    $40,188.2       56,500
   20021127  1,356,263,998  2,269,828    $35,062.3       16,100
   20021129    642,717,789  1,162,921    $16,413.2        2,600
   20021202  1,611,935,029  2,814,168    $42,512.5       23,900
   20021203  1,488,358,296  2,591,257    $38,447.5       43,400
   20021204  1,588,779,276  2,733,153    $41,294.5       11,700
   20021205  1,262,799,854  2,324,762    $32,089.2       12,300
   20021206  1,275,857,287  2,364,837    $33,958.9       29,700
   20021209  1,320,434,331  2,473,389    $33,225.8       33,000
   20021210  1,286,107,665  2,322,024    $32,925.1        8,900
   20021211  1,297,816,473  2,187,078    $34,184.2       18,300
   20021212  1,264,051,460  2,133,393    $32,472.8       26,500
   20021213  1,330,665,519  2,292,322    $34,655.7        8,600
   20021216  1,270,825,211  2,389,430    $34,174.5       18,100
   20021217  1,287,814,167  2,289,507    $32,712.4       17,000
   20021218  1,446,037,776  2,358,498    $36,208.9       12,200
   20021219  1,385,705,420  2,477,995    $35,955.7       60,300
   20021220  1,871,225,424  2,597,029    $47,225.1       15,200
   20021223  1,112,162,039  2,243,567    $28,888.3       25,100
   20021224    461,999,610    934,763    $11,809.5       11,700
   20021226    721,158,120  1,653,333    $18,897.4       21,800
   20021227    768,286,061  1,776,255    $19,543.3       49,000
   20021230  1,057,770,766  2,144,886    $26,593.5       35,200
   20021231  1,095,158,029  2,215,529    $26,841.9       23,400
   20030102  1,229,225,246  2,364,906    $33,005.7       59,700
   20030103  1,139,256,197  2,270,680    $30,122.0       12,000
   20030106  1,435,948,921  2,663,782    $38,864.2       15,500
   20030107  1,590,637,240  2,714,060    $40,530.9       35,700
   20030108  1,475,984,812  2,531,467    $37,467.1       56,400
   20030109  1,573,209,757  2,518,515    $39,616.1       27,000
   20030110  1,497,947,897  2,456,122    $36,778.1       17,700
   20030113  1,407,034,924  2,510,863    $35,264.3       48,000
   20030114  1,386,161,145  2,351,453    $34,329.9       17,200
   20030115  1,432,009,970  2,441,864    $36,707.8       92,700
   20030116  1,534,575,375  2,467,851    $38,984.5       48,300
   20030117  1,367,859,741  2,364,949    $35,049.3       35,700
   20030121  1,345,777,607  2,577,151    $35,230.1       27,700
   20030122  1,577,786,019  2,725,922    $41,835.2       39,000
   20030123  1,744,489,415  2,709,380    $42,606.2       59,600
   20030124  1,574,801,478  2,696,730    $38,713.9       34,700
   20030127  1,462,862,894  2,838,633    $37,023.5       32,300
   20030128  1,483,726,787  2,747,946    $37,230.0      124,900
   20030129  1,610,159,760  2,842,952    $40,138.2       30,100
   20030130  1,521,423,669  2,739,661    $37,605.5       67,800
   20030131  1,578,459,846  2,926,213    $40,454.5       66,000
   20030203  1,258,557,238  2,698,036    $32,882.0       17,000
   20030204  1,451,592,897  2,907,261    $37,007.6       54,900
   20030205  1,463,698,318  2,885,135    $35,838.0       42,900
   20030206  1,443,675,049  2,787,012    $35,027.4       25,800
   20030207  1,276,833,566  2,500,040    $30,955.1        8,000
   20030210  1,249,236,156  2,703,273    $30,560.1       27,200
   20030211  1,320,680,366  2,697,428    $31,769.7       29,300
   20030212  1,268,064,592  2,455,917    $30,880.9       38,500
   20030213  1,499,162,005  2,659,034    $35,776.7       42,800
   20030214  1,404,595,817  2,714,278    $34,647.1        7,400
   20030218  1,259,674,617  2,589,072    $33,782.9        5,200
   20030219  1,095,394,646  2,354,794    $26,783.5       20,400
   20030220  1,202,431,650  2,353,062    $28,794.9       26,600
   20030221  1,409,761,258  2,619,123    $34,507.1        7,000
   20030224  1,239,989,706  2,612,028    $30,385.2        9,000
   20030224  1,495,495,116  2,980,261    $36,248.0       22,200
   20030226  1,382,344,533  2,600,463    $32,050.2       18,400
   20030227  1,297,087,140  2,667,295    $31,802.1       36,000
   20030228  1,373,282,475  2,589,770    $33,352.6       62,200
   20030303  1,208,867,723  2,537,374    $30,466.9       63,200
   20030304  1,264,143,892  2,531,411    $32,304.9       14,300
   20030305  1,345,976,875  2,691,809    $34,454.7       25,000
   20030306  1,306,556,357  2,701,401    $32,688.6       11,100
   20030307  1,379,884,533  2,873,909    $34,816.9       42,100
   20030310  1,255,045,520  2,512,550    $30,543.7       34,200
   20030311  1,437,988,714  2,735,829    $33,820.7       26,500
   20030312  1,633,295,733  2,920,861    $39,092.0       12,200
   20030313  1,774,486,978  3,150,177    $42,843.4       12,300
   20030314  1,594,098,457  3,081,938    $38,684.6       30,800
   20030317  1,700,376,412  3,694,574    $43,815.1       45,900
   20030318  1,555,118,540  3,236,481    $39,752.2       12,400
   20030319  1,483,662,409  3,030,565    $37,990.9       16,200
   20030320  1,447,886,434  3,135,329    $37,575.1        9,300
   20030321  1,883,696,639  3,187,669    $48,443.2       19,900
   20030324  1,306,626,278  2,949,678    $33,987.8       32,900
   20030324  1,343,270,605  2,804,913    $34,722.5       38,300
   20030326  1,327,299,689  2,688,826    $34,539.5       21,300
   20030327  1,232,920,641  2,505,012    $31,490.2       30,100
   20030328  1,234,507,155  2,297,761    $31,710.4       17,200
   20030331  1,508,851,090  2,861,227    $38,681.9       11,700
   20030401  1,472,178,758  3,079,944    $36,958.4       11,100
   20030402  1,602,232,914  2,836,121    $40,400.0       47,000
   20030403  1,358,197,550  2,601,108    $35,461.1       37,300
   20030404  1,250,219,603  2,573,901    $32,669.9       12,800
   20030407  1,505,901,312  2,976,788    $39,009.2       20,800
   20030408  1,235,392,823  2,639,247    $31,800.8        6,700
   20030409  1,304,614,023  2,889,308    $34,762.1       27,100
   20030410  1,283,026,672  2,517,402    $33,615.4        8,700
   20030411  1,141,663,104  2,406,405    $29,969.2       19,400
   20030414  1,131,052,876  2,463,187    $30,374.3        7,500
   20030415  1,467,746,220  2,666,742    $40,553.4       21,100
   20030416  1,587,588,397  2,821,687    $41,551.8       19,500
   20030417  1,439,263,947  2,535,663    $36,994.8       47,400
   20030421  1,125,343,748  2,487,004    $28,727.1       13,600
   20030422  1,680,964,799  3,128,257    $44,443.7       21,000
   20030423  1,667,239,692  2,856,054    $43,567.8       26,700
   20030424  1,648,183,564  2,676,504    $43,916.0        3,500
   20030425  1,353,058,772  2,568,420    $34,012.4       47,500
   20030428  1,294,749,802  2,790,437    $33,650.1       36,800
   20030429  1,540,325,969  2,890,157    $39,601.6       85,400
   20030430  1,787,966,179  3,136,206    $46,723.0       41,400
   20030501  1,411,441,504  2,687,126    $36,638.9       22,100
   20030502  1,565,959,042  2,896,143    $39,886.8       33,400
   20030505  1,455,896,224  2,925,891    $36,172.9       38,500
   20030506  1,663,607,483  2,975,195    $40,874.1       45,000
   20030507  1,531,889,144  3,040,794    $39,260.0       17,000
   20030508  1,379,677,131  2,828,551    $36,164.0        7,600
   20030509  1,326,099,235  2,702,460    $34,180.9       23,000
   20030512  1,387,479,200  2,849,768    $37,021.2       24,600
   20030513  1,431,010,868  2,829,719    $36,980.4       45,500
   20030514  1,401,799,696  2,596,612    $35,838.6       34,100
   20030515  1,508,660,692  2,856,105    $39,795.6      107,900
   20030516  1,508,912,778  2,508,104    $39,571.7       72,400
   20030519  1,375,732,065  2,916,895    $37,855.4       37,900
   20030520  1,519,451,864  3,168,477    $41,565.2       24,400
   20030521  1,457,827,606  3,033,993    $39,884.6       48,900
   20030522  1,490,825,765  2,770,465    $39,515.7       89,600
   20030523  1,219,045,933  2,450,949    $32,464.7       24,700
   20030527  1,557,224,797  3,169,615    $43,040.2       15,100
   20030528  1,571,719,457  2,974,074    $43,907.3       44,600
   20030529  1,708,209,823  3,211,845    $44,479.5      169,700
   20030530  1,789,070,852  3,273,431    $47,275.3       47,600
   20030602  1,726,222,113  3,399,842    $48,014.7       11,000
   20030603  1,450,169,466  3,173,863    $39,948.4       47,100
   20030604  1,628,304,110  3,192,151    $43,662.8       58,100
   20030605  1,703,297,966  3,278,612    $46,013.9       19,400
   20030606  1,886,074,012  3,630,365    $52,378.9       59,400
   20030609  1,326,530,836  2,963,137    $38,743.5       28,400
   20030610  1,295,824,512  2,780,958    $37,011.6       16,600
   20030611  1,520,769,068  3,059,190    $44,232.4       13,200
   20030612  1,561,900,202  2,930,304    $43,523.0       38,300
   20030613  1,279,827,332  2,729,636    $36,196.1       21,900
   20030616  1,356,190,543  3,147,463    $40,459.6       21,700
   20030617  1,488,708,055  3,125,444    $43,523.3       15,300
   20030618  1,500,126,413  3,067,057    $42,772.8       36,900
   20030619  1,539,508,701  3,246,114    $44,854.5       33,700
   20030620  1,777,499,171  3,049,791    $51,482.6       23,500
   20030623  1,398,130,600  3,072,094    $38,341.9       21,200
   20030624  1,429,390,303  3,023,386    $39,806.8       17,200
   20030625  1,470,438,457  3,100,227    $41,393.0       37,600
   20030626  1,397,376,517  2,953,134    $38,879.6       11,000
   20030627  1,286,102,988  2,802,470    $36,618.5       19,300
   20030630  1,820,034,397  2,959,937    $48,366.5       16,900
   20030701  1,476,203,550  3,406,071    $42,764.6       22,400
   20030702  1,519,245,397  3,219,130    $42,158.9       10,400
   20030703    775,833,839  1,808,842    $21,455.6        6,300
   20030707  1,428,702,531  3,151,517    $39,788.1       22,900
   20030708  1,565,047,242  3,151,490    $40,921.8       19,500
   20030709  1,617,208,150  3,127,035    $43,127.9       18,200
   20030710  1,465,377,083  3,068,510    $39,737.0       16,100
   20030711  1,220,767,576  2,706,682    $33,921.0        7,000
   20030714  1,448,917,339  3,016,785    $41,382.0       23,000
   20030715  1,616,472,274  3,203,071    $47,951.8       32,700
   20030716  1,701,272,033  3,068,569    $46,249.3       30,000
   20030717  1,674,011,997  3,212,417    $47,044.7       32,200
   20030718  1,377,508,548  2,776,947    $39,613.4       52,600
   20030721  1,265,383,948  2,921,863    $36,615.6       13,500
   20030722  1,448,668,544  3,169,964    $42,327.7       14,800
   20030723  1,371,899,602  2,826,208    $38,357.1       43,700
   20030724  1,579,264,869  3,154,497    $43,458.0       20,700
   20030725  1,397,334,757  2,967,010    $38,360.8       34,200
   20030728  1,334,834,302  3,056,990    $38,096.6       55,400
   20030729  1,508,627,796  3,177,876    $44,356.6       33,900
   20030730  1,398,080,791  2,840,531    $39,271.2       57,800
   20030731  1,733,856,560  3,355,608    $49,032.0       18,900
   20030801  1,398,212,286  3,200,165    $40,999.1       53,700
   20030804  1,327,209,583  3,240,657    $38,540.2       37,100
   20030805  1,363,333,424  3,272,857    $39,273.2       41,700
   20030806  1,501,896,350  3,260,086    $42,519.7       10,900
   20030807  1,394,527,319  3,127,106    $39,672.8       32,400
   20030808  1,094,734,206  2,514,537    $30,599.9       28,400
   20030811  1,043,242,585  2,579,202    $29,826.1       26,400
   20030812  1,137,702,620  2,572,953    $32,149.9       15,100
   20030813  1,220,008,712  2,550,435    $34,738.6       36,000
   20030814  1,186,771,750  2,620,408    $33,920.3       56,400
   20030815    635,914,890  1,328,528    $18,079.0        5,100
   20030818  1,147,574,720  2,445,286    $32,251.3       27,700
   20030819  1,311,919,081  2,742,574    $36,255.7       44,300
   20030820  1,242,666,422  2,514,401    $34,297.9       28,800
   20030821  1,452,186,456  2,836,192    $41,084.5       35,300
   20030822  1,317,991,889  2,794,095    $36,956.8       15,400
   20030825    974,365,889  2,439,177    $28,294.3       53,200
   20030826  1,224,982,874  2,816,846    $34,994.6       53,900
   20030827  1,067,327,713  2,269,655    $29,986.6       40,500
   20030828  1,173,410,043  2,579,728    $32,600.3       22,000
   20030829    991,030,809  2,185,429    $28,650.7       25,500
   20030902  1,480,607,490  3,341,790    $43,157.7       28,900
   20030903  1,685,823,135  3,423,093    $48,114.5       50,700
   20030904  1,479,982,430  3,050,980    $41,780.8        7,100
   20030905  1,476,182,185  3,118,509    $40,153.7       28,400
   20030908  1,340,851,840  2,968,208    $39,105.8       24,900
   20030909  1,425,579,988  2,998,463    $39,798.4       45,400
   20030910  1,581,891,504  3,244,549    $44,321.2       57,800
   20030911  1,348,792,107  2,848,120    $38,642.9       21,400
   20030912  1,251,301,330  2,787,969    $36,232.3       79,200
   20030915  1,150,922,356  2,679,346    $33,311.3       44,700
   20030916  1,402,892,947  2,916,947    $39,772.3       79,300
   20030917  1,348,220,768  2,730,082    $39,327.9       95,600
   20030918  1,498,494,637  3,048,051    $43,207.1       83,900
   20030919  1,518,343,301  2,874,254    $45,368.3       55,600
   20030922  1,278,439,587  2,964,404    $36,578.1       21,100
   20030923  1,338,386,924  2,815,625    $38,866.0       84,800
   20030924  1,592,337,401  3,345,800    $46,713.1       61,100
   20030925  1,542,826,526  3,203,559    $42,595.2       43,500
   20030926  1,472,522,063  3,147,001    $40,874.5       28,300
   20030929  1,366,520,485  3,079,258    $39,739.5       28,500
   20030930  1,590,417,109  3,519,481    $46,344.5       87,400
   20031001  1,576,182,007  3,440,827    $46,870.4       26,700
   20031002  1,292,310,814  2,928,086    $37,806.2       19,500
   20031003  1,570,403,029  3,445,638    $46,618.9       96,800
   20031006  1,025,810,026  2,506,990    $29,746.1       21,500
   20031007  1,311,384,162  3,118,107    $38,013.5       28,300
   20031008  1,262,546,255  2,879,854    $36,238.0       33,200
   20031009  1,578,673,554  3,305,095    $45,865.8       66,800
   20031010  1,114,153,080  2,556,078    $32,514.1       21,600
   20031013  1,053,193,271  2,348,336    $30,356.3       23,800
   20031014  1,271,899,400  2,772,207    $37,863.0       65,400
   20031015  1,521,013,902  2,978,835    $44,779.4       31,700
   20031016  1,417,703,073  2,956,268    $43,602.0       43,100
   20031017  1,352,042,976  2,794,576    $40,998.1       32,600
   20031020  1,184,812,304  2,755,442    $35,980.6       61,200
   20031021  1,497,997,634  2,978,386    $43,512.0       36,700
   20031022  1,659,178,444  3,049,650    $45,524.2       50,700
   20031023  1,612,301,596  3,181,314    $44,822.7       31,400
   20031024  1,742,917,764  3,033,072    $39,436.9       41,800
   20031027  1,379,416,579  3,072,982    $44,560.1       41,800
   20031028  1,751,963,823  3,329,861    $54,017.3       33,400
   20031029  1,569,726,294  3,094,694    $47,468.8       64,500
   20031030  1,639,557,924  3,369,134    $48,241.6       93,700
   20031031  1,505,900,713  2,934,868    $43,910.6      504,400
   20031103  1,385,772,972  3,183,996    $41,803.7       49,900
   20031104  1,424,502,295  3,190,451    $42,347.1      111,300
   20031105  1,401,740,736  3,030,067    $41,036.8       64,100
   20031106  1,453,847,799  3,160,725    $42,561.4      108,000
   20031107  1,440,455,755  3,146,527    $44,244.2       63,200
   20031110  1,253,413,210  3,007,744    $37,239.1       46,100
   20031111  1,172,196,538  2,596,676    $33,912.2       73,300
   20031112  1,349,073,358  3,015,348    $39,102.4       34,200
   20031113  1,393,715,020  2,975,796    $41,939.1       29,500
   20031114  1,355,943,195  2,963,311    $41,873.4       36,700
   20031117  1,374,055,568  3,152,614    $39,148.9       28,600
   20031118  1,354,090,932  3,215,771    $40,534.3       77,200
   20031119  1,337,073,899  2,966,485    $38,701.9       45,700
   20031120  1,326,537,958  3,099,739    $39,249.4       55,000
   20031121  1,273,616,681  2,771,527    $38,286.2       52,300
   20031124  1,319,587,208  3,116,475    $39,070.3        7,200
   20031125  1,356,828,522  3,151,501    $41,153.9       95,700
   20031126  1,108,942,640  2,678,398    $33,930.6      116,700
   20031128    490,971,065  1,172,730    $14,799.4       84,100
   20031201  1,374,804,635  3,266,488    $42,517.7      115,400
   20031202  1,436,930,723  3,153,002    $44,157.3       63,500
   20031203  1,441,625,197  3,141,636    $43,419.1       99,900
   20031204  1,534,896,928  3,352,786    $46,130.6       75,600
   20031205  1,265,801,504  2,992,651    $37,982.7       67,400
   20031208  1,225,312,636  2,933,775    $37,195.3       52,000
   20031209  1,465,343,358  3,260,417    $45,109.8       62,400
   20031210  1,453,536,107  3,108,810    $43,832.5       97,500
   20031211  1,453,229,006  3,359,567    $43,312.5      232,500
   20031212  1,223,022,154  2,751,639    $36,390.8       55,800
   20031215  1,520,323,120  3,523,484    $46,685.2       96,600
   20031216  1,546,903,652  3,355,170    $47,023.7      109,000
   20031217  1,448,923,168  3,134,745    $43,911.2      123,200
   20031218  1,590,226,629  3,432,876    $49,635.6       45,300
   20031219  1,656,663,515  3,348,959    $52,051.2      104,600
   20031222  1,251,111,582  2,954,354    $38,260.6      103,300
   20031223  1,177,033,949  2,857,239    $35,968.7       75,400
   20031224    519,988,280  1,197,079    $15,628.4       29,100
   20031226    359,769,020    978,029    $10,753.9       15,200
   20031229  1,066,455,871  2,744,475    $32,463.0       61,900
   20031230  1,018,627,513  2,561,826    $31,412.5       48,000
   20031231  1,034,668,220  2,678,564    $32,711.9       31,700
