        DATE            STOCK
        VOLUME

        19800102         40618720
        19800103         50472120
        19800104         39167850
        19800107         44500040
        19800108         53389150
        19800109         65240000
        19800110         55986270
        19800111         52897590
        19800114         52940010
        19800115         52375330
        19800116         67751830
        19800117         54191170
        19800118         47153690
        19800121         48036200
        19800122         50617420
        19800123         50754080
        19800124         59103330
        19800125         47096920
        19800128         53622560
        19800129         55485060
        19800130         51179860
        19800131         65897450
        19800201         46651370
        19800204         43069840
        19800205         41878750
        19800206         51953490
        19800207         57696540
        19800208         57860200
        19800211         58661160
        19800212         48088540
        19800213         65229400
        19800214         50551810
        19800215         46676200
        19800219         39486770
        19800220         44344860
        19800221         51542590
        19800222         48212390
        19800225         39142180
        19800226         40041840
        19800227         46434500
        19800228         40314860
        19800229         38809630
        19800303         38688570
        19800304         44313190
        19800305         49258390
        19800306         49611500
        19800307         50953850
        19800310         43549480
        19800311         41422340
        19800312         37993830
        19800313         33000210
        19800314         35182890
        19800317         37016890
        19800318         47347740
        19800319         36528480
        19800320         32588150
        19800321         32221810
        19800324         39229431
        19800325         43797320
        19800326         37352340
        19800327         63779710
        19800328         46718440
        19800331         35850860
        19800401         32033310
        19800402         35208016
        19800403         27966480
        19800407         29130400
        19800408         31699950
        19800409         33022400
        19800410         33952640
        19800411         29968080
        19800414         23064920
        19800415         26672150
        19800416         39728450
        19800417         32777410
        19800418         26889980
        19800421         27557610
        19800422         47924250
        19800423         42621450
        19800424         35791930
        19800425         28590210
        19800428         30611040
        19800429         27938140
        19800430         30852840
        19800501         32484800
        19800502         28142580
        19800505         34085620
        19800506         40165470
        19800507         42598690
        19800508         39295660
        19800509         30286470
        19800512         28215240
        19800513         35459800
        19800514         40847390
        19800515         40919400
        19800516         31714770
        19800519         30973560
        19800520         31803740
        19800521         34832180
        19800522         41028300
        19800523         45794850
        19800527         40807920
        19800528         38576720
        19800529         42002275
        19800530         34819790
        19800602         32716610
        19800603         33157750
        19800604         44178730
        19800605         49072130
        19800606         37227780
        19800609         36816060
        19800610         42026060
        19800611         43808510
        19800612         47308420
        19800613         41857780
        19800616         36185870
        19800617         41994140
        19800618         41969930
        19800619         38287920
        19800620         36529920
        19800623         34183970
        19800624         37732320
        19800625         46501200
        19800626         45109560
        19800627         33113590
        19800630         29907580
        19800701         34343220
        19800702         42859190
        19800703         47232640
        19800707         42543950
        19800708         45833540
        19800709         52006100
        19800710         43731800
        19800711         38311290
        19800714         45481299
        19800715         60903220
        19800716         49138570
        19800717         48872120
        19800718         58045370
        19800721         42749790
        19800722         52234300
        19800723         45904970
        19800724         42423480
        19800725         36254560
        19800728         35332250
        19800729         44845470
        19800730         58061630
        19800731         54606220
        19800801         46436510
        19800804         41574000
        19800805         45512120
        19800806         45029370
        19800807         62373440
        19800808         58868740
        19800811         44696570
        19800812         52041960
        19800813         44371210
        19800814         47650650
        19800815         47809890
        19800818         41888920
        19800819         41937720
        19800820         42563000
        19800821         50770230
        19800822         58212520
        19800825         35398870
        19800826         41706840
        19800827         43972600
        19800828         39890460
        19800829         33506290
        19800902         35300230
        19800903         52359440
        19800904         59029040
        19800905         37991090
        19800908         42048610
        19800909         44468420
        19800910         51458710
        19800911         44774950
        19800912         47185671
        19800915         44630450
        19800916         57289990
        19800917         63994200
        19800918         63394120
        19800919         53748810
        19800922         53140630
        19800923         64394370
        19800924         56868660
        19800925         49513320
        19800926         49436130
        19800929         46409920
        19800930         40295890
        19801001         48718920
        19801002         46160720
        19801003         47507380
        19801006         50127570
        19801007         50313480
        19801008         46585250
        19801009         43983160
        19801010         44039110
        19801013         31410430
        19801014         48798810
        19801015         48286450
        19801016         65455140
        19801017         43963060
        19801020         40918130
        19801021         51304400
        19801022         43063610
        19801023         49195560
        19801024         41035570
        19801027         34447470
        19801028         40300850
        19801029         37201920
        19801030         39060980
        19801031         40112890
        19801103         36628120
        19801105         84297350
        19801106         48892340
        19801107         40067850
        19801110         35727240
        19801111         41520770
        19801112         58514210
        19801113         69330700
        19801114         71634510
        19801117         50307210
        19801118         70383690
        19801119         69248850
        19801120         60172740
        19801121         55935220
        19801124         51136070
        19801125         55838060
        19801126         55340000
        19801128         34275080
        19801201         48177770
        19801202         52352140
        19801203         43444080
        19801204         51171540
        19801205         51994340
        19801208         53605250
        19801209         53229310
        19801210         49314905
        19801211         60240033
        19801212         39535090
        19801215         39698000
        19801216         41626430
        19801217         50816510
        19801218         69572570
        19801219         50673760
        19801222         51960940
        19801223         55258850
        19801224         29486000
        19801226         16132370
        19801229         36059270
        19801230         39752400
        19801231         41219870
        19810102         28868770
        19810105         58710245
        19810106         67400710
        19810107         92881420
        19810108         55351730
        19810109         50188850
        19810112         48756600
        19810113         40891470
        19810114         41399020
        19810115         39637500
        19810116         43261360
        19810119         36647280
        19810120         41749620
        19810121         39195680
        19810122         39882870
        19810123         37227240
        19810126         35377210
        19810127         42256440
        19810128         36692340
        19810129         38166730
        19810130         41163460
        19810202         44083610
        19810203         45952630
        19810204         45537210
        19810205         45318970
        19810206         45827380
        19810209         38325330
        19810210         40819380
        19810211         37793560
        19810212         34714460
        19810213         33361560
        19810217         37940912
        19810218         40420130
        19810219         41643370
        19810220         41905120
        19810223         39591160
        19810224         43964110
        19810225         45715260
        19810226         60317200
        19810227         53207870
        19810302         47713510
        19810303         48733690
        19810304         47255350
        19810305         45377910
        19810306         43939550
        19810309         46174480
        19810310         56610430
        19810311         47392430
        19810312         54639090
        19810313         68294460
        19810316         49943560
        19810317         65920780
        19810318         55744390
        19810319         62440200
        19810320         61975544
        19810323         57874190
        19810324         66403420
        19810325         56340200
        19810326         60372030
        19810327         46935200
        19810330         33497470
        19810331         50976470
        19810401         54895170
        19810402         52573900
        19810403         48685450
        19810406         43119470
        19810407         44544810
        19810408         48044532
        19810409         59544240
        19810410         58128470
        19810413         49854910
        19810414         48390580
        19810415         56035850
        19810416         52952070
        19810420         51014020
        19810421         60293410
        19810422         60659350
        19810423         64204380
        19810424         59900080
        19810427         51080210
        19810428         58216100
        19810429         53342910
        19810430         47969490
        19810501         48359340
        19810504         40664830
        19810505         48995910
        19810506         47102160
        19810507         42593320
        19810508         41856350
        19810511         37636730
        19810512         40346200
        19810513         42596830
        19810514         42755880
        19810515         45465480
        19810518         42517720
        19810519         42218570
        19810520         42373880
        19810521         46792340
        19810522         40707980
        19810526         42762730
        19810527         58733180
        19810528         59501550
        19810529         51585820
        19810601         62166613
        19810602         53930590
        19810603         54704850
        19810604         48946230
        19810605         47184800
        19810608         41579550
        19810609         44614200
        19810610         53204780
        19810611         59535410
        19810612         60795430
        19810615         63349480
        19810616         57778240
        19810617         55473150
        19810618         48400810
        19810619         46427960
        19810622         41790950
        19810623         51848130
        19810624         46654264
        19810625         43916770
        19810626         39249010
        19810629         37930800
        19810630         41559420
        19810701         49079660
        19810702         45097810
        19810706         44591240
        19810707         53558580
        19810708         46008600
        19810709         45511030
        19810710         39956570
        19810713         38101700
        19810714         45234310
        19810715         48951141
        19810716         39011525
        19810717         42780170
        19810720         40241440
        19810721         47267240
        19810722         47497140
        19810723         41881660
        19810724         38881660
        19810727         39611207
        19810728         38155961
        19810729         37612210
        19810730         41556300
        19810731         43476750
        19810803         39656910
        19810804         39474680
        19810805         54279820
        19810806         52072900
        19810807         38380010
        19810810         38372330
        19810811         52596930
        19810812         53657620
        19810813         42444139
        19810814         42575630
        19810817         40843910
        19810818         47268180
        19810819         39393985
        19810820         38270010
        19810821         37673811
        19810824         46747000
        19810825         54603300
        19810826         39986930
        19810827         43911430
        19810828         38022360
        19810831         40360380
        19810901         45110860
        19810902         37570210
        19810903         41728590
        19810904         42757590
        19810908         47335870
        19810909         43908415
        19810910         47409358
        19810911         42166220
        19810914         34040450
        19810915         38584667
        19810916         43624111
        19810917         48296410
        19810918         47347750
        19810921         44565900
        19810922         46814830
        19810923         52695570
        19810924         48882860
        19810925         54392800
        19810928         61322055
        19810929         49798160
        19810930         40701250
        19811001         41597220
        19811002         54577990
        19811005         51287540
        19811006         45458400
        19811007         50027150
        19811008         47085610
        19811009         50062280
        19811012         30056990
        19811013         43078570
        19811014         40255140
        19811015         42827940
        19811016         37803850
        19811019         41583710
        19811020         51532680
        19811021         48488200
        19811022         40631570
        19811023         41986770
        19811026         38205310
        19811027         53033370
        19811028         48104260
        19811029         40072810
        19811030         58563520
        19811102         65124030
        19811103         54626830
        19811104         53474719
        19811105         50865550
        19811106         43266920
        19811109         48307150
        19811110         53938500
        19811111         41941250
        19811112         55718240
        19811113         45576160
        19811116         43740040
        19811117         43195050
        19811118         49982750
        19811119         48723220
        19811120         52015100
        19811123         45278360
        19811124         53378400
        19811125         58572870
        19811127         32772960
        19811130         47576370
        19811201         53995701
        19811202         44507350
        19811203         43771990
        19811204         55041680
        19811207         45721690
        19811208         45143100
        19811209         44805520
        19811210         47022620
        19811211         45848130
        19811214         44817574
        19811215         44131250
        19811216         42377000
        19811217         47224230
        19811218         50950240
        19811221         41314830
        19811222         48322180
        19811223         42907190
        19811224         23944660
        19811228         28316650
        19811229         35243610
        19811230         42963220
        19811231         40780370
        19820104         36759892
        19820105         47504550
        19820106         51509220
        19820107         43420440
        19820108         42046160
        19820111         51908310
        19820112         49800110
        19820113         49132810
        19820114         42942170
        19820115         43314180
        19820118         44918750
        19820119         45067680
        19820120         48862470
        19820121         48609470
        19820122         44397430
        19820125         43174510
        19820126         44868770
        19820127         50059835
        19820128         66689110
        19820129         73401430
        19820201         47732400
        19820202         45015860
        19820203         49562470
        19820204         53307860
        19820205         53345290
        19820208         48504580
        19820209         54423770
        19820210         46609270
        19820211         46625920
        19820212         37085095
        19820216         48883100
        19820217         47655840
        19820218         60806781
        19820219         51345920
        19820222         58314430
        19820223         60201790
        19820224         64800090
        19820225         54158620
        19820226         43838730
        19820301         53012630
        19820302         63806860
        19820303         70268690
        19820304         74342440
        19820305         67440830
        19820308         67333100
        19820309         76063160
        19820310         59444350
        19820311         52957910
        19820312         49598500
        19820315         43371250
        19820316         50237790
        19820317         48899050
        19820318         54275720
        19820319         46243410
        19820322         57610920
        19820323         67120160
        19820324         49380550
        19820325         51968020
        19820326         42404830
        19820329         37079250
        19820330         43993340
        19820331         43374380
        19820401         57108630
        19820402         59866840
        19820405         46903920
        19820406         43204640
        19820407         53140380
        19820408         60187110
        19820412         46519580
        19820413         48661850
        19820414         45153070
        19820415         45697870
        19820416         55897110
        19820419         58469190
        19820420         54602023
        19820421         57818150
        19820422         64469200
        19820423         71855870
        19820426         60502350
        19820427         56483560
        19820428         50526940
        19820429         51335270
        19820430         48034630
        19820503         46487390
        19820504         58725720
        19820505         58861040
        19820506         67542220
        19820507         67183830
        19820510         46308790
        19820511         54676309
        19820512         59211640
        19820513         58225500
        19820514         49906770
        19820517         45579480
        19820518         48967950
        19820519         48871540
        19820520         48331950
        19820521         45268382
        19820524         38515900
        19820525         44012660
        19820526         51251910
        19820527         44735300
        19820528         43897890
        19820601         41653510
        19820602         49223010
        19820603         48452140
        19820604         44111970
        19820607         44634410
        19820608         46827990
        19820609         55778140
        19820610         50936750
        19820611         68617190
        19820614         40108310
        19820615         44974720
        19820616         56287090
        19820617         49233090
        19820618         53802410
        19820621         50363300
        19820622         55290041
        19820623         62706331
        19820624         55863160
        19820625         38740780
        19820628         40702510
        19820629         47006610
        19820630         65275340
        19820701         47899627
        19820702         43765440
        19820706         44350530
        19820707         46916640
        19820708         63271360
        19820709         65872080
        19820712         74700580
        19820713         66169280
        19820714         58039890
        19820715         61081890
        19820716         58770590
        19820719         53032870
        19820720         61056480
        19820721         66770930
        19820722         53868117
        19820723         47289020
        19820726         37736900
        19820727         45735530
        19820728         53847460
        19820729         55679460
        19820730         39270090
        19820802         53481030
        19820803         60480773
        19820804         53444370
        19820805         54699250
        19820806         48655750
        19820809         54562710
        19820810         52655050
        19820811         49043700
        19820812         50045090
        19820813         44721120
        19820816         55422220
        19820817         92864700
        19820818        132681120
        19820819         78269940
        19820820         95889840
        19820823        110305550
        19820824        121655704
        19820825        106197110
        19820826        137280490
        19820827         74391700
        19820830         59561440
        19820831         86364290
        19820901         82830740
        19820902         74739920
        19820903        130909722
        19820907         68960540
        19820908         77953880
        19820909         73089630
        19820910         71070670
        19820913         59515860
        19820914         83069260
        19820915         69672650
        19820916         78899940
        19820917         63949520
        19820920         58520180
        19820921         82892950
        19820922        113090850
        19820923         68241220
        19820924         54597750
        19820927         44839050
        19820928         65904150
        19820929         62549770
        19820930         62612130
        19821001         65003980
        19821004         55653260
        19821005         69772330
        19821006         93575190
        19821007        147081070
        19821008        122263795
        19821011        138533450
        19821012        126307520
        19821013        139805711
        19821014        107506700
        19821015         80293280
        19821018         83793200
        19821019        100852980
        19821020         98680950
        19821021        122466100
        19821022        101135180
        19821025         83727940
        19821026        102078540
        19821027         81661212
        19821028         73592540
        19821029         74879780
        19821101         73525670
        19821102        104777210
        19821103        137013107
        19821104        149385480
        19821105         96556090
        19821108         75228520
        19821109        111238000
        19821110        113240760
        19821111         78395140
        19821112         95087580
        19821115         78896020
        19821116        102919620
        19821117         84442280
        19821118         77625670
        19821119         70305670
        19821122         74969690
        19821123         72924210
        19821124         67155080
        19821126         38814140
        19821129         61075420
        19821130         93471620
        19821201        107848680
        19821202         77600300
        19821203         71577480
        19821206         83890110
        19821207        111625530
        19821208         97438290
        19821209         90319400
        19821210         86433100
        19821213         63138390
        19821214         98385101
        19821215         81054280
        19821216         73690270
        19821217         76015190
        19821220         62207360
        19821221         78016640
        19821222         83469210
        19821223         62889220
        19821227         64690050
        19821228         58603640
        19821229         54813360
        19821230         56378440
        19821231         42111540
        19830103         59077210
        19830104         75535350
        19830105         95403560
        19830106        129411380
        19830107        127312940
        19830110        101894370
        19830111         98245840
        19830112        109851980
        19830113         77031620
        19830114         86484810
        19830117         89210140
        19830118         78380840
        19830119         80897800
        19830120         82830340
        19830121         77119070
        19830124         90805740
        19830125         79741110
        19830126         73724820
        19830127         88124600
        19830128         89499880
        19830131         67145420
        19830201         82762300
        19830202         77215770
        19830203         78890596
        19830204         86994300
        19830207         86034760
        19830208         76583350
        19830209         84534980
        19830210         93503430
        19830211         86701393
        19830214         72643550
        19830215         89043190
        19830216         82102700
        19830217         74927370
        19830218         77422240
        19830222         84076090
        19830223         84106780
        19830224        113232810
        19830225        100977920
        19830228         83746030
        19830301        103762840
        19830302        112611870
        19830303        114448960
        19830304         90927590
        19830307         84022070
        19830308         79401600
        19830309         84249900
        19830310         95412410
        19830311         67283690
        19830314         61897120
        19830315         62490570
        19830316         83512590
        19830317         70286800
        19830318         75112200
        19830321         72164980
        19830322         79610110
        19830323         94968590
        19830324         92346290
        19830325         77326440
        19830328         58505450
        19830329         65313680
        19830330         75813180
        19830331        100569270
        19830404         66013520
        19830405         76808310
        19830406         77148520
        19830407         69473150
        19830408         67700860
        19830411         81440250
        19830412         79906630
        19830413        100523130
        19830414         90159910
        19830415         89597170
        19830418         88521520
        19830419         90846930
        19830420        110240570
        19830421        106149990
        19830422         92271920
        19830425         90156730
        19830426         97264630
        19830427        118144650
        19830428         94415520
        19830429        105750201
        19830502         88173470
        19830503         89539870
        19830504        101694440
        19830505        107862739
        19830506        128215190
        19830509         93668920
        19830510        104051960
        19830511         99820330
        19830512         84060970
        19830513         83115700
        19830516         76354230
        19830517         79509300
        19830518         99778140
        19830519         83265520
        19830520         73154870
        19830523         84974200
        19830524        109862870
        19830525        121058390
        19830526         94980060
        19830527         76289330
        19830531         73908850
        19830601         84463260
        19830602         89753910
        19830603         83110910
        19830606         87675910
        19830607         88550720
        19830608         96604360
        19830609         87440450
        19830610         78474910
        19830613         90707730
        19830614         97709540
        19830615         93416493
        19830616        124456270
        19830617         93653110
        19830620         84233940
        19830621        102884380
        19830622        110366770
        19830623         89616920
        19830624         80928610
        19830627         69376330
        19830628         82728450
        19830629         81564840
        19830630         76313860
        19830701         65112560
        19830705         67327200
        19830706         85671900
        19830707         97141660
        19830708         66520520
        19830711         61610050
        19830712         70216790
        19830713         68899740
        19830714         83496760
        19830715         63115050
        19830718         69115730
        19830719         74033943
        19830720        109332390
        19830721        101814620
        19830722         68852470
        19830725         73713090
        19830726         91291950
        19830727         99297600
        19830728         78421120
        19830729         95243680
        19830801         77207030
        19830802         74462300
        19830803         80375400
        19830804        100969900
        19830805         67845810
        19830808         71464300
        19830809         81415135
        19830810         82906670
        19830811         70629921
        19830812         71589750
        19830815         83202210
        19830816         71782040
        19830817         87800960
        19830818         82281440
        19830819         58952710
        19830822         76418300
        19830823         66816360
        19830824         72204280
        19830825         70143690
        19830826         61642930
        19830829         53032991
        19830830         62366400
        19830831         80877250
        19830901         76123050
        19830902         59299730
        19830906         87495970
        19830907         94238490
        19830908         79260810
        19830909         77983740
        19830912        114058400
        19830913         73966270
        19830914         73421960
        19830915         70422720
        19830916         75521700
        19830919         85626350
        19830920        103062930
        19830921         91277200
        19830922         97059530
        19830923         93214200
        19830926         86398930
        19830927         81299390
        19830928         75891280
        19830929         73732197
        19830930         70821103
        19831003         77227720
        19831004         90265800
        19831005        101712400
        19831006        118283680
        19831007        103629560
        19831010         67046890
        19831011         79508060
        19831012         75630730
        19831013         67747780
        19831014         71590880
        19831017         77739460
        19831018         91098090
        19831019        107789420
        19831020         86002660
        19831021         91645010
        19831024         85423610
        19831025         82526200
        19831026         79567640
        19831027         79565120
        19831028         81176810
        19831031         79159520
        19831101         84467740
        19831102         95212189
        19831103         85279807
        19831104         72075520
        19831107         69400716
        19831108         64916190
        19831109         83095640
        19831110         88735331
        19831111         74221010
        19831114         86881320
        19831115         77837690
        19831116         83377530
        19831117         80739460
        19831118         88288690
        19831121         97736615
        19831122        117553800
        19831123        108083290
        19831125         57817900
        19831128         78225340
        19831129        100461890
        19831130        120097510
        19831201        106986870
        19831202         93964640
        19831205         88330690
        19831206         89706970
        19831207        105670550
        19831208         96533100
        19831209         98279670
        19831212         77338170
        19831213         93475590
        19831214         85422307
        19831215         88295300
        19831216         81034700
        19831219         75179670
        19831220         83743990
        19831221        108086720
        19831222        106223790
        19831223         62715860
        19831227         63799480
        19831228         85659940
        19831229         86557160
        19831230         71846350
        19840103         71348880
        19840104        112986680
        19840105        159999031
        19840106        137594121
        19840109        107133060
        19840110        109571500
        19840111         98655190
        19840112         99433270
        19840113        101803280
        19840116         93793900
        19840117         92771430
        19840118        109017830
        19840119         98343320
        19840120         93376050
        19840123         82020820
        19840124        103046580
        19840125        113441410
        19840126        111166900
        19840127        103693000
        19840130        103115610
        19840131        113562990
        19840201        107106779
        19840202        111436560
        19840203        109102150
        19840206        109097970
        19840207        107643020
        19840208         96913770
        19840209        128111140
        19840210         92222560
        19840213         78374700
        19840214         91802870
        19840215         94868852
        19840216         81757945
        19840217         76600300
        19840221         71890670
        19840222         90081730
        19840223        100224120
        19840224        102617610
        19840227         99130160
        19840228         91014310
        19840229         92822140
        19840301         82210160
        19840302        108267520
        19840305         69850810
        19840306         83627170
        19840307         90077050
        19840308         80629250
        19840309         73172210
        19840312         84469180
        19840313        102652800
        19840314         77245380
        19840315         79530140
        19840316        117998540
        19840319         64068920
        19840320         86477580
        19840321         87189300
        19840322         87313630
        19840323         79766160
        19840326         69069080
        19840327         73672720
        19840328        104881560
        19840329         81466550
        19840330         71589270
        19840402         85660890
        19840403         87981740
        19840404         92857830
        19840405        101767220
        19840406         86658600
        19840409         71581560
        19840410         78987680
        19840411         80282300
        19840412         96333150
        19840413         99714630
        19840416         73887920
        19840417         98149508
        19840418         85040019
        19840419         75655900
        19840423         73083790
        19840424         87069720
        19840425         83517230
        19840426         97989620
        19840427         88524790
        19840430         72735343
        19840501        110550150
        19840502        107096540
        19840503         91936180
        19840504         98588460
        19840507         72765760
        19840508         81615310
        19840509        100587360
        19840510        101813300
        19840511         82784030
        19840514         64898425
        19840515         88330710
        19840516         89243775
        19840517         90305730
        19840518         81273740
        19840521         73379080
        19840522         88028410
        19840523         82694390
        19840524         99044881
        19840525         78190600
        19840529         69058450
        19840530        105659080
        19840531         81894940
        19840601         96035500
        19840604         96696950
        19840605         84836850
        19840606         83447870
        19840607         82120750
        19840608         67845150
        19840611         69054720
        19840612         84661620
        19840613         67495090
        19840614         79121940
        19840615         85459820
        19840618         94897950
        19840619         89000010
        19840620         99204200
        19840621        123380980
        19840622         98404230
        19840625         72830740
        19840626         82541740
        19840627         78845400
        19840628         77664130
        19840629         90778470
        19840702         69231950
        19840703         69965260
        19840705         66106290
        19840706          6881600
        19840709         74857760
        19840710         74002600
        19840711         89543620
        19840712         86045530
        19840713         75488620
        19840716         73406650
        19840717         82890430
        19840718         76639450
        19840719         85238460
        19840720         79092320
        19840723         77995080
        19840724         74379340
        19840725         90519420
        19840726         90404641
        19840727        101355630
        19840730         72328240
        19840731         86911260
        19840801        127514400
        19840802        172843750
        19840803        236565110
        19840806        203046720
        19840807        128094210
        19840808        121254590
        19840809        131175450
        19840810        171037744
        19840813         77961370
        19840814         81470330
        19840815         91885250
        19840816         93608050
        19840817         71504740
        19840820         75436730
        19840821        128137600
        19840822        116040230
        19840823         83133190
        19840824         69641230
        19840827         57661880
        19840828         70542940
        19840829         90662460
        19840830         70838669
        19840831         57467360
        19840904         62118970
        19840905         69251480
        19840906         91925480
        19840907         84103230
        19840910         74408510
        19840911        101359190
        19840912         77988130
        19840913        110580610
        19840914        137436370
        19840917         88778360
        19840918        107760310
        19840919        119977500
        19840920         92048780
        19840921        120652040
        19840924         76381540
        19840925         86252040
        19840926        100198060
        19840927         88874690
        19840928         78956340
        19841001         73632830
        19841002         89356300
        19841003         92407950
        19841004         76699300
        19841005         82952900
        19841008         46363960
        19841009         75380530
        19841010         94257960
        19841011         87024110
        19841012         92187970
        19841015         87607510
        19841016         82931050
        19841017         99735270
        19841018        149580860
        19841019        186901040
        19841022         81015770
        19841023         91917750
        19841024         91620310
        19841025         92766270
        19841026         83909460
        19841029         63201900
        19841030         95199050
        19841031         91889610
        19841101        107364380
        19841102         96830540
        19841105         84734840
        19841106        101289240
        19841107        110803280
        19841108         88598408
        19841109         83629402
        19841112         55612690
        19841113         69788080
        19841114         73939040
        19841115         81526940
        19841116         83156240
        19841119         69730840
        19841120         83246120
        19841121         81624630
        19841123         73917590
        19841126         76521870
        19841127         95480040
        19841128         86297200
        19841129         75860850
        19841130         77581570
        19841203         95299790
        19841204         81245450
        19841205         88696670
        19841206         95747040
        19841207         81002170
        19841210         81156630
        19841211         80249930
        19841212         78710840
        19841213         80852350
        19841214         95058590
        19841217         89498840
        19841218        169092950
        19841219        139810680
        19841220         93232160
        19841221        101296060
        19841224         55547220
        19841226         46700880
        19841227         70105104
        19841228         77073470
        19841231         80260350
        19850102         67832040
        19850103         88881430
        19850104         77526210
        19850107         86187190
        19850108         92113310
        19850109         99206560
        19850110        124741310
        19850111        107600020
        19850114        124893040
        19850115        155265900
        19850116        135547870
        19850117        113553190
        19850118        104718480
        19850121        146843230
        19850122        174764880
        19850123        144467430
        19850124        160753140
        19850125        122444900
        19850128        128413080
        19850129        115734110
        19850130        170026410
        19850131        132470710
        19850201        105442660
        19850204        113733740
        19850205        143500170
        19850206        140982980
        19850207        151733880
        19850208        116459630
        19850211        103995020
        19850212        111116270
        19850213        142461750
        19850214        139734850
        19850215        106471630
        19850219         90401070
        19850220        118220210
        19850221        104022880
        19850222         93687480
        19850225         89748770
        19850226        114152410
        19850227        107690800
        19850228        100726230
        19850301        139883510
        19850304        102080230
        19850305        116373880
        19850306        116906940
        19850307        112095710
        19850308         96380910
        19850311         84118440
        19850312         92861460
        19850313        101680020
        19850314        103352930
        19850315        105468260
        19850318         94030690
        19850319        119172200
        19850320        107532700
        19850321         95936960
        19850322         99250810
        19850325         74112280
        19850326         89946130
        19850327        101068410
        19850328        100814760
        19850329        101337220
        19850401         89909930
        19850402        101636350
        19850403         95481300
        19850404         86933080
        19850408         79961070
        19850409         83979670
        19850410        108154560
        19850411        108384950
        19850412         86222630
        19850415         80656770
        19850416         98483860
        19850417         96035020
        19850418        100652840
        19850419         81187260
        19850422         79928690
        19850423        108925890
        19850424         99597250
        19850425        108639400
        19850426         86570390
        19850429         88946090
        19850430        111832440
        19850501        101548270
        19850502        107440920
        19850503         94874000
        19850506         85645500
        19850507        100276500
        19850508        101281490
        19850509        111013130
        19850510        140258450
        19850513         85828460
        19850514         97363160
        19850515        106120950
        19850516         99420850
        19850517        124636867
        19850520        146307690
        19850521        130151070
        19850522        101374050
        19850523        101007420
        19850524         85988320
        19850528         90607534
        19850529         96538430
        19850530        108336720
        19850531        134164220
        19850603        124997760
        19850604        115429080
        19850605        143882230
        19850606        117148630
        19850607         99628800
        19850610         87945120
        19850611        102064595
        19850612         97694628
        19850613        107052360
        19850614         92992710
        19850617         82168480
        19850618        106937470
        19850619        108277610
        19850620         87507750
        19850621        125401704
        19850624         96049940
        19850625        115655872
        19850626         94134150
        19850627        107263230
        19850628        105240890
        19850701         96085890
        19850702        111080680
        19850703         98422260
        19850705         62439150
        19850708         83672490
        19850709         99062530
        19850710        108208280
        19850711        122807520
        19850712        120262980
        19850715        103911900
        19850716        132501930
        19850717        159943080
        19850718        131278410
        19850719        114849030
        19850722         93532120
        19850723        143634990
        19850724        128613120
        19850725        123277760
        19850726        106949150
        19850729         95965560
        19850730        102273392
        19850731        124172870
        19850801        121489740
        19850802         87859053
        19850805         80660390
        19850806        103995720
        19850807        100039150
        19850808        102868290
        19850809         81754130
        19850812         77343700
        19850813         80302430
        19850814         85775830
        19850815         86100320
        19850816         87911820
        19850819         67971870
        19850820         91226640
        19850821         94875870
        19850822         90605000
        19850823         75271660
        19850826         70293330
        19850827         82137480
        19850828         88532514
        19850829         85662110
        19850830         81624921
        19850903         81194370
        19850904         85511960
        19850905         94483310
        19850906         95037540
        19850909         89856480
        19850910        104734760
        19850911        100385280
        19850912        107068490
        19850913        111395470
        19850916         66679690
        19850917        111925460
        19850918        105711620
        19850919        100315500
        19850920        101461720
        19850923        104788620
        19850924         97871980
        19850925         92141263
        19850926        106097880
        19850930        103630810
        19851001        130242158
        19851002        147345251
        19851003        127543830
        19851004        101165810
        19851007         95550080
        19851008         97172471
        19851009         99138510
        19851010         90915300
        19851011         96394540
        19851014         78538890
        19851015        110354822
        19851016        117356480
        19851017        140513410
        19851018        107082360
        19851021         95676750
        19851022        111254310
        19851023        121522400
        19851024        123143380
        19851025        101815780
        19851028         97878670
        19851029        110599910
        19851030        120355170
        19851031        121530620
        19851101        129354140
        19851104        104939590
        19851105        119196110
        19851106        129511200
        19851107        118947130
        19851108        114970490
        19851111        126562450
        19851112        170800430
        19851113        109721950
        19851114        124976410
        19851115        130041270
        19851118        108376370
        19851119        126142630
        19851120        105113170
        19851121        150373990
        19851122        133750260
        19851125         91715480
        19851126        123065328
        19851127        143651363
        19851129         84059560
        19851202        103528290
        19851203        109717790
        19851204        153161241
        19851205        181026800
        19851206        125540850
        19851209        144006800
        19851210        156499070
        19851211        178487300
        19851212        170520480
        19851213        178090930
        19851216        176031100
        19851217        155232680
        19851218        137891810
        19851219        130242130
        19851220        167787020
        19851223        107895620
        19851224         78303330
        19851226         62054600
        19851227         81575270
        19851230         91987130
        19851231        112780860
        19860102         98958980
        19860103        105026070
        19860106         99626221
        19860107        152959314
        19860108        180331739
        19860109        176450748
        19860110        122776440
        19860113        108680280
        19860114        113940580
        19860115        122434360
        19860116        130466640
        19860117        132194750
        19860120         85343360
        19860121        128312990
        19860122        131171060
        19860123        130310759
        19860124        128953500
        19860127        122930300
        19860128        145661820
        19860129        193807180
        19860130        125336400
        19860131        143511270
        19860203        145276780
        19860204        175738840
        19860205        134325660
        19860206        146097820
        19860207        144402960
        19860210        129913050
        19860211        141253120
        19860212        136446180
        19860213        136485880
        19860214        155595850
        19860218        160202300
        19860219        152032950
        19860220        139739480
        19860221        177570950
        19860224        144669900
        19860225        147991470
        19860226        158016070
        19860227        181755920
        19860228        191701368
        19860303        142691070
        19860304        174519140
        19860305        154558230
        19860306        158986950
        19860307        163284770
        19860310        129930610
        19860311        187300900
        19860312        210248820
        19860313        171485620
        19860314        181868190
        19860317        137461340
        19860318        148013500
        19860319        150019240
        19860320        147963680
        19860321        199729840
        19860324        143805560
        19860325        139249920
        19860326        161455950
        19860327        178094730
        19860331        134432740
        19860401        167398830
        19860402        145293690
        19860403        148238630
        19860404        147271200
        19860407        129768820
        19860408        146288014
        19860409        156246490
        19860410        184761990
        19860411        139437320
        19860414        106728410
        19860415        123652630
        19860416        173860590
        19860417        161402850
        19860418        153618220
        19860421        136122200
        19860422        161513460
        19860423        149710150
        19860424        146445600
        19860425        142311990
        19860428        123570380
        19860429        148771530
        19860430        147460260
        19860501        146488950
        19860502        126269010
        19860505        102439720
        19860506        121184700
        19860507        129907530
        19860508        136031190
        19860509        137397800
        19860512        125360910
        19860513        119154933
        19860514        132133440
        19860515        131576530
        19860516        113522040
        19860519         85832960
        19860520        112986220
        19860521        117101220
        19860522        144927370
        19860523        130164280
        19860527        121165680
        19860528        159593381
        19860529        135672870
        19860530        151199073
        19860602        120606010
        19860603        114710730
        19860604        116961890
        19860605        110988760
        19860606        110914480
        19860609        123336180
        19860610        125030930
        19860611        127352001
        19860612        109083390
        19860613        141207400
        19860616        112123280
        19860617        123087560
        19860618        117079380
        19860619        128982890
        19860620        148504490
        19860623        123768940
        19860624        140632570
        19860625        161790280
        19860626        134069280
        19860627        123808170
        19860630        135134030
        19860701        147665810
        19860702        150025500
        19860703        108177780
        19860707        138244670
        19860708        174058210
        19860709        142862940
        19860710        146124765
        19860711        124472320
        19860714        123164830
        19860715        184159416
        19860716        160820920
        19860717        132395840
        19860718        149676040
        19860721        106283170
        19860722        138478011
        19860723        133287180
        19860724        134721740
        19860725        131957980
        19860728        127986930
        19860729        115690480
        19860730        146696020
        19860731        112639660
        19860801        114920220
        19860804        129990700
        19860805        153107040
        19860806        127533490
        19860807        122435800
        19860808        106212680
        19860811        125624670
        19860812        131675120
        19860813        156450980
        19860814        123778060
        19860815        123514010
        19860818        112850550
        19860819        109326200
        19860820        156638190
        19860821        135179010
        19860822        118137230
        19860825        104350970
        19860826        156653100
        19860827        143267059
        19860828        125082630
        19860829        125261000
        19860902        135518970
        19860903        154328980
        19860904        189424400
        19860905        180624850
        19860908        154306400
        19860909        137522360
        19860910        140309280
        19860911        237576740
        19860912        240494400
        19860915        155610810
        19860916        131168040
        19860917        141045230
        19860918        132243230
        19860919        153984230
        19860922        126064490
        19860923        132561380
        19860924        134603050
        19860925        134308710
        19860926        115265202
        19860929        115574200
        19860930        124919620
        19861001        143545000
        19861002        128052750
        19861003        128089690
        19861006         88278580
        19861007        125125250
        19861008        141679700
        19861009        153397480
        19861010        105054490
        19861013         54990450
        19861014        116764120
        19861015        144310040
        19861016        156960740
        19861017        124121490
        19861020        109015120
        19861021        109995020
        19861022        113983520
        19861023        150948540
        19861024        137490330
        19861027        133244520
        19861028        145873660
        19861029        164438520
        19861030        193992310
        19861031        147218460
        19861103        138203070
        19861104        163236010
        19861105        183178860
        19861106        165293980
        19861107        142301826
        19861110        120234220
        19861111        118522490
        19861112        162235840
        19861113        163945860
        19861114        172070690
        19861117        133247200
        19861118        185242440
        19861119        183324850
        19861120        158123260
        19861121        200658450
        19861124        150824100
        19861125        154568440
        19861126        152000870
        19861128         93532730
        19861201        133751440
        19861202        230428990
        19861203        200155470
        19861204        156912800
        19861205        139833600
        19861208        158984560
        19861209        128694500
        19861210        139682251
        19861211        135993115
        19861212        126616450
        19861215        148221521
        19861216        157048010
        19861217        148841450
        19861218        155415071
        19861219        244292950
        19861222        157640852
        19861223        189071100
        19861224         95411160
        19861226         48864585
        19861229         99804180
        19861230        126169496
        19861231        139176520
        19870102         91900519
        19870105        181845000
        19870106        189284211
        19870107        190875530
        19870108        194530150
        19870109        193037480
        19870112        184230290
        19870113        170950200
        19870114        214257780
        19870115        253133400
        19870116        218160830
        19870119        162828800
        19870120        224808398
        19870121        184231510
        19870122        188682200
        19870123        302469040
        19870126        138797560
        19870127        192445350
        19870128        195691580
        19870129        205275380
        19870130        163366410
        19870202        177256290
        19870203        198052770
        19870204        222441160
        19870205        256697620
        19870206        184107200
        19870209        143319030
        19870210        168291200
        19870211        172329280
        19870212        100348450
        19870213        185402800
        19870217        187763750
        19870218        218211580
        19870219        181537620
        19870220        175796100
        19870223        170472160
        19870224        151285670
        19870225        184147120
        19870226        165829270
        19870227        142790660
        19870302        156661750
        19870303        149255270
        19870304        198429060
        19870305        205439970
        19870306        181608130
        19870309        165425580
        19870310        174758750
        19870311        186870870
        19870312        174485570
        19870313        150920560
        19870316        134929080
        19870317        177314550
        19870318        198134270
        19870319        166153460
        19870320        234145750
        19870323        189077180
        19870324        189858900
        19870325        171338240
        19870326        196054490
        19870327        184417480
        19870330        208438260
        19870331        171795350
        19870401        182887480
        19870402        182955480
        19870403        213403220
        19870406        173723790
        19870407        186434450
        19870408        179869200
        19870409        180077950
        19870410        169608810
        19870413        181068620
        19870414        266468010
        19870415        198200750
        19870416        189570800
        19870420        139074470
        19870421        190168100
        19870422        185963720
        19870423        172942900
        19870424        177951610
        19870427        222712620
        19870428        180082800
        19870429        173596480
        19870430        183063330
        19870501        160107440
        19870504        140516200
        19870505        192299580
        19870506        196577220
        19870507        215314820
        19870508        161909490
        19870511        203760850
        19870512        155305190
        19870513        170968950
        19870514        152037510
        19870515        180835240
        19870518        174235350
        19870519        175365290
        19870520        206901490
        19870521        164824850
        19870522        135834000
        19870526        152473600
        19870527        171438130
        19870528        153774610
        19870529        153492980
        19870601        148913810
        19870602        153377120
        19870603        164178970
        19870604        140292100
        19870605        129115930
        19870608        136369910
        19870609        164215980
        19870610        197450970
        19870611        138848580
        19870612        175071450
        19870615        156941420
        19870616        157794260
        19870617        184678270
        19870618        168582050
        19870619        220503890
        19870622        178212750
        19870623        194115080
        19870624        153723680
        19870625        173499290
        19870626        150498770
        19870629        142512340
        19870630        165468100
        19870701        157300000
        19870702        154934250
        19870706        155080070
        19870707        200760040
        19870708        207454940
        19870709        195410190
        19870710        172151270
        19870713        152416880
        19870714        185883310
        19870715        202288770
        19870716        210881380
        19870717        209979620
        19870720        168140500
        19870721        186616630
        19870722        174644790
        19870723        163687050
        19870724        158393830
        19870727        152094580
        19870728        172602990
        19870729        197002490
        19870730        208150550
        19870731        181958230
        19870803        207853410
        19870804        166587120
        19870805        192700090
        19870806        191988650
        19870807        212700380
        19870810        187224220
        19870811        278140590
        19870812        235761860
        19870813        217074870
        19870814        196110680
        19870817        166114040
        19870818        198401160
        19870819        180897220
        19870820        196619560
        19870821        190089390
        19870824        149347990
        19870825        213460710
        19870826        196211730
        19870827        163603960
        19870828        156331970
        19870831        165796490
        19870901        193497980
        19870902        199965830
        19870903        165367370
        19870904        129068920
        19870908        242881950
        19870909        164955390
        19870910        179794020
        19870911        178016810
        19870914        154429230
        19870915        136268740
        19870916        195743140
        19870917        150721130
        19870918        188264500
        19870921        170069610
        19870922        209516180
        19870923        220310730
        19870924        162154060
        19870925        137959780
        19870928        188073340
        19870929        173534450
        19870930        183100110
        19871001        193230640
        19871002        189065060
        19871005        159707100
        19871006        175679240
        19871007        186348370
        19871008        198701120
        19871009        158310010
        19871012        141866930
        19871013        172886000
        19871014        207348470
        19871015        263249210
        19871016        338563870
        19871019        604330410
        19871020        608148710
        19871021        449350330
        19871022        392234180
        19871023        245520770
        19871026        308874250
        19871027        260258710
        19871028        279441960
        19871029        258058800
        19871030        303407880
        19871102        176042790
        19871103        227903470
        19871104        202544480
        19871105        225966020
        19871106        228360910
        19871109        160687980
        19871110        184372900
        19871111        147902310
        19871112        206381842
        19871113        174950950
        19871116        164338290
        19871117        148272100
        19871118        158280100
        19871119        157149350
        19871120        189208460
        19871123        143167760
        19871124        199539320
        19871125        139896640
        19871127         86366310
        19871130        268918650
        19871201        149876240
        19871202        148887440
        19871203        204163860
        19871204        184804970
        19871207        146611780
        19871208        227337190
        19871209        231446140
        19871210        188979490
        19871211        151643290
        19871214        187684590
        19871215        214940170
        19871216        193821470
        19871217        191774930
        19871218        276757100
        19871221        161783420
        19871222        192687890
        19871223        203119500
        19871224        108803660
        19871228        131260860
        19871229        111585760
        19871230        149208160
        19871231        170159760
        19880104        181794600
        19880105        209518220
        19880106        169753000
        19880107        175363910
        19880108        197300520
        19880111        158960970
        19880112        165720420
        19880113        154005260
        19880114        140587220
        19880115        198052780
        19880118        135305600
        19880119        153548550
        19880120        181654690
        19880121        158099980
        19880122        147055480
        19880125        275251730
        19880126        138395550
        19880127        176344460
        19880128        166424020
        19880129        211958460
        19880201        210658380
        19880202        164937460
        19880203        237302360
        19880204        186456920
        19880205        161270160
        19880208        168852550
        19880209        162377940
        19880210        187977840
        19880211        200761790
        19880212        177285420
        19880215        135391670
        19880216        176843870
        19880217        151453650
        19880218        180607340
        19880219        178959580
        19880223        192270640
        19880224        212739730
        19880225        213488410
        19880226        158068840
        19880229        236060090
        19880301        199969330
        19880302        199628140
        19880303        203248370
        19880304        201418200
        19880307        152949020
        19880308        237622660
        19880309        210907670
        19880310        197275140
        19880311        200023080
        19880314        131950550
        19880315        133172020
        19880316        153607390
        19880317        211934270
        19880318        245129240
        19880321        128858350
        19880322        142004370
        19880323        167370870
        19880324        184920230
        19880325        163180320
        19880328        142819220
        19880329        152707360
        19880330        151802500
        19880331        139855730
        19880404        182291980
        19880405        135303420
        19880406        189789300
        19880407        177852570
        19880408        169283543
        19880411        146365050
        19880412        146407950
        19880413        185194000
        19880414        211826100
        19880415        233851850
        19880418        144651890
        19880419        161906320
        19880420        147589480
        19880421        168477850
        19880422        152525160
        19880425        156949870
        19880426        152315210
        19880427        133852520
        19880428        128674960
        19880429        135632993
        19880502        136438090
        19880503        176915370
        19880504        141330000
        19880505        172356640
        19880506        129113310
        19880509        166343570
        19880510        131198170
        19880511        176712630
        19880512        143863790
        19880513        147262340
        19880516        155010580
        19880517        133868680
        19880518        209364490
        19880519        165170880
        19880520        120680950
        19880523        102638660
        19880524        139934530
        19880525        138313700
        19880526        164265470
        19880527        133594130
        19880531        247656560
        19880601        234563670
        19880602        193538340
        19880603        189612420
        19880606        152456410
        19880607        168699660
        19880608        310031960
        19880609        235175120
        19880610        155717080
        19880613        125309980
        19880614        227158330
        19880615        150265220
        19880616        161551980
        19880617        343949330
        19880620        116753920
        19880621        155147070
        19880622        217509260
        19880623        185769710
        19880624        179916220
        19880627        264425850
        19880628        152372720
        19880629        159586690
        19880630        227477120
        19880701        238331710
        19880705        171789310
        19880706        189272920
        19880707        156085890
        19880708        136122740
        19880711        123313840
        19880712        161652330
        19880713        218981400
        19880714        172391380
        19880715        199723070
        19880718        156209640
        19880719        144130440
        19880720        152043500
        19880721        149469270
        19880722        148888090
        19880725        215148000
        19880726        121966730
        19880727        135886960
        19880728        154569210
        19880729        192343511
        19880801        138169240
        19880802        166664520
        19880803        203620970
        19880804        157244050
        19880805        113294680
        19880808        148794163
        19880809        200703810
        19880810        200954640
        19880811        173005860
        19880812        176943840
        19880815        128546730
        19880816        162799270
        19880817        169527360
        19880818        139778830
        19880819        122387860
        19880822        122255200
        19880823        119541350
        19880824        127796600
        19880825        127681580
        19880826         89254150
        19880829         99259400
        19880830        108737820
        19880831        130395220
        19880901        144082570
        19880902        159839880
        19880906        122248440
        19880907        139601490
        19880908        149398270
        19880909        141552020
        19880912        114895510
        19880913        162503080
        19880914        177261150
        19880915        161243910
        19880916        211183880
        19880919        135810270
        19880920        142220600
        19880921        127418480
        19880922        150680030
        19880923        145110320
        19880926        116404650
        19880927        113015210
        19880928        113726530
        19880929        155786450
        19880930        175759580
        19881003        130368560
        19881004        157757870
        19881005        175162210
        19881006        153565160
        19881007        216429630
        19881010        124666930
        19881011        140928050
        19881012        154848650
        19881013        154534230
        19881014        160248930
        19881017        119293910
        19881018        162502020
        19881019        186367110
        19881020        189590310
        19881021        195389240
        19881024        170507780
        19881025        155193910
        19881026        181553610
        19881027        196547980
        19881028        146322790
        19881031        143465190
        19881101        151246383
        19881102        161295590
        19881103        152765400
        19881104        143983440
        19881107        133883070
        19881108        141659890
        19881109        153146810
        19881110        128931480
        19881111        135501530
        19881114        142920230
        19881115        115174230
        19881116        161676795
        19881117        141293430
        19881118        119294460
        19881121        120434140
        19881122        127035370
        19881123        111928970
        19881125         72088100
        19881128        123484450
        19881129        127416560
        19881130        157803990
        19881201        129401380
        19881202        124621580
        19881205        144653630
        19881206        158238330
        19881207        148378330
        19881208        124152500
        19881209        133728660
        19881212        124180010
        19881213        132337550
        19881214        132357760
        19881215        136843060
        19881216        196487020
        19881219        162257790
        19881220        161091940
        19881221        147285190
        19881222        150492310
        19881223         81759230
        19881227         87490890
        19881228        110644740
        19881229        131295590
        19881230        127234830
        19890103        128497380
        19890104        149706590
        19890105        174089780
        19890106        161321530
        19890109        162937790
        19890110        140415510
        19890111        148953940
        19890112        183011800
        19890113        132386750
        19890116        117388030
        19890117        143914970
        19890118        187475360
        19890119        192050920
        19890120        165995200
        19890123        141651650
        19890124        189627050
        19890125        183607780
        19890126        212268340
        19890127        254842540
        19890130        167837490
        19890131        194079450
        19890201        215679110
        19890202        183430000
        19890203        173004900
        19890206        150886900
        19890207        217263660
        19890208        189469980
        19890209        224258750
        19890210        173607580
        19890213        143521010
        19890214        149526000
        19890215        154251190
        19890216        178577630
        19890217        159807810
        19890221        141998120
        19890222        163145710
        19890223        150354550
        19890224        160681550
        19890227        139920790
        19890228        147725050
        19890301        177212550
        19890302        161972920
        19890303        151713640
        19890306        168674010
        19890307        172504830
        19890308        167627990
        19890309        143168410
        19890310        146837960
        19890313        140459640
        19890314        139975590
        19890315        167067740
        19890316        196037700
        19890317        242937520
        19890320        150263260
        19890321        142019940
        19890322        146568740
        19890323        153754340
        19890327        112974120
        19890328        146437820
        19890329        144237200
        19890330        159989300
        19890331        170944370
        19890403        164677130
        19890404        160700380
        19890405        165886540
        19890406        146533720
        19890407        156920660
        19890410        123992610
        19890411        146803530
        19890412        165209460
        19890413        141593500
        19890414        169791120
        19890417        128541370
        19890418        208696390
        19890419        191558400
        19890420        175993040
        19890421        187978590
        19890424        142103740
        19890425        165412610
        19890426        146136160
        19890427        191095310
        19890428        158404880
        19890501        138171160
        19890502        172561850
        19890503        171693890
        19890504        153161590
        19890505        180814200
        19890508        135128430
        19890509        150095460
        19890510        146007690
        19890511        151623530
        19890512        221515450
        19890515        179349650
        19890516        173100780
        19890517        191206440
        19890518        177489680
        19890519        243512680
        19890522        185009270
        19890523        187703820
        19890524        178618170
        19890525        154444290
        19890526        143125920
        19890530        151994320
        19890531        162515560
        19890601        223309700
        19890602        229151760
        19890605        163769500
        19890606        187594930
        19890607        213731570
        19890608        212337150
        19890609        173244070
        19890612        151460510
        19890613        164879680
        19890614        170559030
        19890615        179495370
        19890616        244540580
        19890619        130718010
        19890620        167646450
        19890621        168924090
        19890622        176512050
        19890623        198717200
        19890626        143614600
        19890627        171093290
        19890628        158480970
        19890629        167123130
        19890630        170537210
        19890703         68868970
        19890705        127711070
        19890706        140454440
        19890707        166447730
        19890710        131944780
        19890711        171636980
        19890712        160584070
        19890713        153828640
        19890714        183480540
        19890717        131942350
        19890718        152359270
        19890719        215744640
        19890720        204593480
        19890721        175509410
        19890724        136278100
        19890725        179296400
        19890726        188356170
        19890727        213691250
        19890728        180634810
        19890731        166665470
        19890801        225311190
        19890802        181666210
        19890803        168705280
        19890804        169765450
        19890807        197614940
        19890808        200361670
        19890809        209900320
        19890810        198595060
        19890811        197556880
        19890814        141993240
        19890815        148775450
        19890816        150065850
        19890817        157561920
        19890818        146150270
        19890821        136797080
        19890822        141932140
        19890823        159645880
        19890824        225510550
        19890825        165930070
        19890828        131186170
        19890829        175227130
        19890830        174346520
        19890831        143467090
        19890901        133302500
        19890905        145193410
        19890906        161796950
        19890907        160169840
        19890908        154097920
        19890911        126016630
        19890912        142130830
        19890913        175459590
        19890914        149257340
        19890915        234884040
        19890918        136960030
        19890919        141650190
        19890920        136655160
        19890921        146960290
        19890922        133358590
        19890925        121132630
        19890926        158344820
        19890927        158397980
        19890928        164235210
        19890929        155329780
        19891002        127477470
        19891003        182863270
        19891004        194602370
        19891005        177900330
        19891006        172522930
        19891009         86818110
        19891010        147559310
        19891011        164072070
        19891012        159460660
        19891013        251298310
        19891016        416396460
        19891017        224058800
        19891018        166889520
        19891019        198134560
        19891020        164736840
        19891023        135865810
        19891024        237970700
        19891025        155669570
        19891026        175239800
        19891027        170305200
        19891030        126626820
        19891031        176151910
        19891101        154250310
        19891102        152429590
        19891103        131507090
        19891106        135510860
        19891107        163039350
        19891108        170160200
        19891109        143399010
        19891110        131849940
        19891113        140760250
        19891114        143189530
        19891115        155147820
        19891116        148364900
        19891117        151035920
        19891120        128200510
        19891121        147902880
        19891122        145732460
        19891124         85830840
        19891127        149394640
        19891128        153771790
        19891129        147300890
        19891130        153181190
        19891201        199223090
        19891204        150399280
        19891205        154654600
        19891206        145855030
        19891207        161978610
        19891208        144912780
        19891211        147179150
        19891212        176804950
        19891213        184692420
        19891214        178724370
        19891215        240360080
        19891218        184796640
        19891219        186066360
        19891220        176552990
        19891221        175173840
        19891222        120972960
        19891226         77606880
        19891227        133758840
        19891228        128032580
        19891229        145919820
